version: 1
creator: callgrind-3.7.0
pid: 9581
cmd:  ./test
part: 1


desc: I1 cache: 
desc: D1 cache: 
desc: LL cache: 

desc: Timerange: Basic block 0 - 17915086
desc: Trigger: Program termination

positions: line
events: Ir
summary: 88533149


ob=(1) /lib/x86_64-linux-gnu/ld-2.15.so
fl=(62) /build/buildd/eglibc-2.15/stdlib/bsearch.c
fn=(268) bsearch
27 130
+7 13
-7 13
+20 13
-13 52
+7 26
+1 23
-8 46
+2 87
+2 87
-2 87
+1 348
+1 174
cfi=(60) /build/buildd/eglibc-2.15/string/../sysdeps/x86_64/multiarch/../cacheinfo.c
cfn=(270) intel_02_known_compare
calls=87 152 
* 603
+1 174
+1 61
-6 122
+13 10
+1 117

fl=(27) /build/buildd/eglibc-2.15/setjmp/../sysdeps/x86_64/setjmp.S
fn=(86) __sigsetjmp
26 5
+2 5
+1 10
+1 5
+4 5
+1 5
+1 5
+1 5
+1 5
+2 10
+2 5
+1 5
+2 10
+2 5
+4 5
+1 5

fl=(11) /build/buildd/eglibc-2.15/elf/dl-environ.c
fn=(26) _dl_next_ld_env_entry
31 3
+1 3
+2 11
+2 86
+11 41
-13 123
+17 1
-14 20
+5 2
-3 2
+3 2
+2 2

fl=(24) /build/buildd/eglibc-2.15/string/../sysdeps/x86_64/multiarch/../strchr.S
fn=(70) index
26 9
+1 9
+1 9
+1 9
+1 9
+1 9
+1 9
+1 9
+1 9
+1 9
+1 9
+1 9
+1 9
+1 9
+1 9
+1 9
+1 9
+1 9
+1 9
+1 9
+1 9
+2 5
+1 5
+1 5
+1 5
+1 5
+1 5
+1 5
+1 5
+1 5
+2 9
+1 9
+1 1
+1 1
+1 1
+1 1
+1 8
+1 9

fl=(29) /build/buildd/eglibc-2.15/io/../sysdeps/unix/sysv/linux/wordsize-64/fxstat.c
fn=(104) _fxstat
37 4
-1 4
+1 4
+1 24
+4 4

fl=(33) /build/buildd/eglibc-2.15/elf/dl-cache.c
fn=(122) _dl_load_cache_lookup
183 16
+8 4
+3 6
+45 3
+6 6
+15 6
cfi=(21) /build/buildd/eglibc-2.15/io/../sysdeps/unix/syscall-template.S
cfn=(64) access
calls=2 82 
* 22
+5 2
-5 2
+19 2
-14 10
+14 2
-15 2
+15 8
-25 2
+25 2
-25 2
+25 279
cfn=(126) _dl_cache_libcmp
calls=18 164 
* 1374
* 79
+21 18
197 4
cfi=(28) /build/buildd/eglibc-2.15/elf/dl-misc.c
cfn=(124) _dl_sysdep_read_whole_file
calls=1 44 
* 68
+8 1
-8 1
+8 4
+1 4
cfi=(12) /build/buildd/eglibc-2.15/string/../string/memcmp.c
cfn=(28) bcmp
calls=1 322 
* 98
* 2
+7 1
-3 1
+3 3
+3 1
+1 2
-1 1
+1 1
+1 3
cfi=(12)
cfn=(28)
calls=1 322 
* 157
* 2
+18 2
+43 17
cfn=(126)
calls=3 164 
* 291
* 9
-97 1
+97 5
-97 2
+97 24
-97 2
+97 4
-97 2
+97 38
+16 8
-16 10

fn=(126)
164 63
-23 48
+2 222
+2 111
-2 111
+2 6
+6 3
+1 6
-1 3
+2 3
-1 3
-1 3
+2 9
+2 15
+2 6
+6 216
+2 216
+5 180
-1 90
+1 90
-29 180
+32 9
-7 72

fn=(230) _dl_unload_cache
309 1
+1 4
+2 2
cfi=(23) /build/buildd/eglibc-2.15/misc/../sysdeps/unix/syscall-template.S
cfn=(232) munmap
calls=1 82 
* 5
+1 1
+2 2

fl=(17) /build/buildd/eglibc-2.15/string/../sysdeps/x86_64/multiarch/../strcmp.S
fn=(52) strcmp
135 307
+1 307
+1 307
+1 166
+1 166
+1 166
+1 166
cfn=(53) strcmp'2
calls=166 -6 
* 10736
+5 141
+1 141
+1 141
+1 141

fn=(53)
135 1496
+1 1496
+1 1496
+1 1462
+1 1462
+1 1462
+1 1462
cfn=(53)
calls=1330 -6 
* 55593
+2 132
+1 132
+2 34
+1 34
+1 34
+1 34

fl=(37) /build/buildd/eglibc-2.15/elf/dl-reloc.c
fn=(150) _dl_relocate_object
154 5
+11 10
-11 25
+10 10
-10 15
+15 5
-15 10
+11 5
+4 5
+1 25
+6 10
+6 15
+4 10
+8 10
-33 5
+78 5
fi=(4) /build/buildd/eglibc-2.15/elf/../sysdeps/x86_64/dl-machine.h
96 10
fe=(37)
239 10
fi=(4)
96 5
+39 3
fe=(37)
265 197
152 1
265 2
152 1
265 1
fi=(5) /build/buildd/eglibc-2.15/elf/do-rel.h
57 1
fe=(37)
265 1
fi=(5)
67 1
fe=(37)
265 1
fi=(5)
56 2
+11 2
fe=(37)
+85 4
265 8
152 4
265 4
fi=(5)
57 4
fe=(37)
265 4
fi=(5)
67 4
fe=(37)
265 4
fi=(5)
56 8
+11 8
fe=(37)
265 5
fi=(5)
57 5
fe=(37)
265 5
fi=(5)
67 5
fe=(37)
265 5
fi=(5)
56 10
+11 10
+3 20
fi=(4)
470 60
+4 60
+2 90
+1 30
fi=(5)
70 135
+2 141
+2 55
-4 6
+13 8
+1 10
+1 34
fi=(4)
470 34
+24 17
fi=(5)
84 17
fi=(4)
494 17
+2 17
cob=(4) /lib/x86_64-linux-gnu/libm-2.15.so
cfi=(48) /build/buildd/eglibc-2.15/math/../sysdeps/x86_64/fpu/multiarch/s_sin.c
cfn=(222) sin
calls=1 24 
* 15
cob=(4)
cfi=(57) /build/buildd/eglibc-2.15/math/../sysdeps/x86_64/fpu/multiarch/e_atan2.c
cfn=(218) __atan2_finite
calls=1 15 
* 15
cob=(4)
cfi=(54) /build/buildd/eglibc-2.15/math/../sysdeps/x86_64/fpu/multiarch/e_asin.c
cfn=(216) __asin_finite
calls=1 14 
* 12
cob=(4)
cfi=(56) /build/buildd/eglibc-2.15/math/../sysdeps/x86_64/fpu/multiarch/s_floor.S
cfn=(214) floor
calls=1 26 
* 11
cob=(4)
cfi=(55) /build/buildd/eglibc-2.15/math/../sysdeps/x86_64/fpu/multiarch/s_floorf.S
cfn=(212) floorf
calls=1 26 
* 11
cob=(4)
cfi=(54)
cfn=(210) __acos_finite
calls=1 10 
* 12
cob=(4)
cfi=(53) /build/buildd/eglibc-2.15/math/../sysdeps/x86_64/fpu/multiarch/s_rintf.S
cfn=(208) rintf
calls=1 26 
* 11
cob=(4)
cfi=(51) /build/buildd/eglibc-2.15/math/../sysdeps/x86_64/fpu/multiarch/e_log.c
cfn=(204) __log_finite
calls=1 15 
* 15
cob=(4)
cfi=(50) /build/buildd/eglibc-2.15/math/../sysdeps/x86_64/fpu/multiarch/e_pow.c
cfn=(202) __pow_finite
calls=1 8 
* 12
cob=(4)
cfi=(49) /build/buildd/eglibc-2.15/math/../sysdeps/x86_64/fpu/multiarch/s_rint.S
cfn=(200) rint
calls=1 26 
* 11
cob=(4)
cfi=(48)
cfn=(198) cos
calls=1 20 
* 15
cob=(4)
cfi=(45) /build/buildd/eglibc-2.15/math/../sysdeps/x86_64/fpu/multiarch/e_exp.c
cfn=(182) __exp_finite
calls=1 15 
* 1150
cob=(3) /lib/x86_64-linux-gnu/libc-2.15.so
cfi=(44) /build/buildd/eglibc-2.15/time/../sysdeps/unix/sysv/linux/x86_64/gettimeofday.c
cfn=(176) gettimeofday
calls=1 31 
* 76
cob=(3)
cfi=(38) /build/buildd/eglibc-2.15/string/../sysdeps/x86_64/multiarch/strcmp.S
cfn=(174) strncasecmp
calls=1 130 
* 9
cob=(3)
cfi=(43) /build/buildd/eglibc-2.15/string/../sysdeps/x86_64/multiarch/strnlen.S
cfn=(172) strnlen
calls=1 30 
* 6
cob=(3)
cfi=(40) /build/buildd/eglibc-2.15/time/../sysdeps/unix/sysv/linux/x86_64/time.c
cfn=(166) time
calls=1 29 
* 76
cob=(3)
cfi=(38)
cfn=(162) strcasecmp
calls=1 106 
* 66
fi=(5)
84 17
fi=(4)
497 17
fi=(5)
84 19
184 2
fe=(37)
+81 6
fi=(5)
-81 8
fe=(37)
+81 24
+3 15
+40 5
+3 10
+17 15
+2 40
fi=(5)
93 6
+2 12
+12 6
-14 6
+14 6
-14 6
+14 6
+10 8
+3 8
fi=(4)
460 3
fi=(5)
121 3
fi=(4)
460 3
fi=(5)
121 3
fe=(37)
+31 6
fi=(5)
-31 2450
fi=(4)
460 2450
+1 2456
fi=(5)
120 2456
fi=(4)
461 1228
fi=(5)
120 1228
+7 18
+3 5
+3 5
-3 5
+3 13
fi=(4)
396 16
fi=(5)
136 510
+9 204
+1 102
+2 204
fi=(4)
268 102
fi=(5)
147 102
-2 102
+1 306
fi=(4)
268 102
+18 204
+7 1507
fi=(5)
146 7
+1 7
fi=(4)
293 14
fi=(5)
146 7
fi=(4)
293 345
fi=(5)
146 81
+1 81
fi=(4)
293 162
fi=(5)
146 81
fi=(4)
293 1299
cfi=(6) /build/buildd/eglibc-2.15/elf/dl-lookup.c
cfn=(156) _dl_lookup_symbol_x
calls=88 716 
* 57923
* 352
+2 306
+3 98
-3 196
+3 294
+6 204
96 8
+6 8
+4 12
+13 4
-8 4
+8 8
+13 4
+3 4
-3 4
+3 12
fe=(37)
+49 15
fi=(4)
-49 8
fe=(37)
265 24
fi=(4)
+28 324
fi=(5)
133 8
+19 8
fi=(4)
304 408
+85 90
fi=(5)
133 180
fi=(4)
389 90
fi=(5)
133 94
-16 3
fe=(37)
337 5
-1 10
+1 5
-1 10
+2 10
+3 10
+1 15
cfi=(23)
cfn=(106) mprotect
calls=5 82 
* 25
* 10
fi=(4)
+30 33
+4 33
+5 22
fi=(5)
133 11
fi=(4)
382 22
fi=(5)
133 22
fi=(4)
322 2
+1 1
fi=(5)
133 1
fi=(4)
323 1
fi=(5)
133 2
+36 9
+2 15
+8 6
+1 3
-1 3
+1 3
fi=(4)
+88 3
fi=(5)
-89 6
fi=(4)
+89 3
+18 6
+7 84
cfi=(6)
cfn=(156)
calls=3 716 
* 1667
* 12
+2 9
+3 1
-3 2
+3 3
+6 6
-11 24
fi=(5)
169 12
+14 2
fi=(4)
304 12
+85 9
-96 69
fe=(37)

fl=(108) /build/buildd/eglibc-2.15/elf/dl-fini.c
fn=(492) _dl_sort_fini
34 9
+2 1
-2 2
+50 1
-48 1
+5 1
+1 1
-1 2
+1 1
+1 1
-1 1
+1 2
-1 3
+1 3
cfi=(30) /build/buildd/eglibc-2.15/string/../sysdeps/x86_64/multiarch/../memset.S
cfn=(108) memset
calls=1 +1 
* 18
+15 5
+62 4
+3 18
cfi=(30)
cfn=(108)
calls=3 -79 
* 40
* 3
-75 3
-1 3
+1 3
-1 3
+5 3
-5 3
+5 6
-4 1
-1 1
+1 1
-1 1
+5 1
-5 1
+5 10
+6 4
+1 14
+2 12
+1 6
-1 12
+1 9
+3 18
-1 27
+31 18
+21 6
-57 12
+61 12
+3 1
+4 8

fn=(490) _dl_fini
133 5
+19 1
-19 1
+12 1
-12 2
+13 1
+9 4
-23 5
+26 2
cfi=(2) /build/buildd/eglibc-2.15/elf/rtld.c
cfn=(48) rtld_lock_default_lock_recursive
calls=1 844 
* 2
+3 1
+3 2
+2 6
+11 4
+2 2
+3 9
+11 3
+2 10
+2 10
+2 10
+1 5
+1 5
+4 5
-12 15
+14 2
+5 5
cfn=(492)
calls=1 34 
* 316
+9 2
cfi=(2)
cfn=(50) rtld_lock_default_unlock_recursive
calls=1 850 
* 2
+4 4
+2 2
+2 3
-2 8
+2 12
+3 10
+3 15
+11 6
+12 9
+1 9
cob=(2) ???
cfi=(14) ???
cfn=(528) 0x0000000004c94fe8
calls=1 0 
* 1126
cob=(2)
cfi=(14)
cfn=(504) 0x0000000004a25718
calls=1 0 
* 835
cob=(2)
cfi=(14)
cfn=(494) 0x0000000000401368
calls=1 0 
* 22
+5 25
+16 10
-55 10
-70 3
285 5
-49 10
+3 6
+52 2
+7 8

fl=(34) /build/buildd/eglibc-2.15/elf/dl-tls.c
fn=(144) _dl_allocate_tls_storage
329 1
+13 1
-13 2
+2 1
+11 2
cfi=(15) /build/buildd/eglibc-2.15/elf/dl-minimal.c
cfn=(42) __libc_memalign
calls=1 53 
* 49
+1 1
-1 1
+1 1
+7 1
+4 306
-58 1
+1 3
cfi=(15)
cfn=(34) calloc
calls=1 111 
* 38
+1 2
-2 2
+11 2
+64 5

fn=(128) _dl_next_tls_modid
51 1
+3 3
+48 2
+4 2

fn=(226) _dl_allocate_tls_init
377 7
+1 1
-1 1
+1 1
+4 1
+8 1
-5 1
+5 1
-6 1
-2 1
+8 3
+5 6
+6 3
-25 5
+47 2
+1 4
+2 2
+1 2
+8 4
+1 1
+1 3
cfi=(22) /build/buildd/eglibc-2.15/string/../sysdeps/x86_64/memcpy.S
cfn=(66) mempcpy
calls=1 62 
* 23
* 5
cfi=(30)
cfn=(108)
calls=1 44 
* 28
* 3
-42 3
+6 4
+3 1
+1 2
+6 3
+3 1
-1 2
+38 2
+3 9

fn=(180) _dl_add_to_slotinfo
817 1
+9 1
-9 3
+6 2
+8 3
+42 1
-1 3
+1 1
-1 1
+1 1
+1 4

fn=(142) _dl_determine_tlsoffset
113 7
+6 3
+3 2
+36 3
+2 9
-2 7
+5 1
-1 1
+5 2
-4 1
-1 1
+17 1
-17 1
+3 2
+2 1
+12 1
-12 2
+16 5
+2 1
+1 1
-1 2
+10 1
-12 2
+15 6
+1 1
+51 1
+1 8

fl=(61) /build/buildd/eglibc-2.15/csu/../sysdeps/x86_64/multiarch/init-arch.c
fn=(262) __init_cpu_features
53 1
-8 1
+8 1
+3 1
-3 1
+3 5
+92 2
+21 1
+1 1
+2 1
+1 2
65 1
-33 2
+6 1
-6 2
+6 1
+1 1
+30 1
-30 1
+30 1
-37 1
+6 1
+27 1
-26 1
+26 1
+4 1
+1 1
-38 2
+33 1
+5 1
+5 1
+2 1
-2 1
-17 1
+58 1
-38 1
+1 2
+33 3
-33 6

fl=(13) /build/buildd/eglibc-2.15/elf/dl-object.c
fn=(30) _dl_new_object
63 36
+1 4
-1 16
+1 4
cfi=(9) /build/buildd/eglibc-2.15/string/../sysdeps/x86_64/multiarch/../rtld-strlen.S
cfn=(18) strlen
calls=4 -35 
* 186
+6 4
-6 4
+6 52
+7 16
cfi=(15)
cfn=(34)
calls=4 +34 
* 182
+3 4
-3 4
+3 8
+4 4
-1 4
-19 4
+25 4
-5 4
+5 4
-1 8
+1 4
cfi=(16) /build/buildd/eglibc-2.15/string/../sysdeps/x86_64/multiarch/../memcpy.S
cfn=(44) memcpy
calls=4 -27 
* 111
+2 4
-2 4
+5 8
-1 4
+1 12
+3 4
-3 4
+3 4
+6 4
+3 4
-7 4
+4 4
+3 4
-45 5
+47 2
-2 2
+2 30
-2 30
+18 4
-6 4
+1 4
-1 4
+6 24
+2 3
+3 3
-3 12
+3 3
+4 9
+4 9
+8 1
+6 1
-3 2
+3 5
-3 6
+3 6
+2 6
cfi=(9)
cfn=(18)
calls=3 29 
* 207
* 3
+4 3
-4 3
+4 3
+64 3
+4 36
-88 9
-39 8
+26 2
-2 1
+7 4
+8 3
+24 6
cfi=(15)
cfn=(38) malloc
calls=3 -66 
* 87
+1 3
-1 3
+1 9
+45 9
cfi=(22)
cfn=(66)
calls=3 62 
* 97
* 3
+5 50
+1 50
-1 50
+1 53
-1 3
+1 3
+2 6
+3 6

fn=(46) _dl_add_to_namespace_list
34 16
+2 4
-2 4
+2 4
cfi=(2)
cfn=(48)
calls=4 844 
* 8
+2 29
+3 33
+2 3
+2 3
+4 3
+4 3
-4 6
+1 6
+1 6
+2 3
+1 9
-1 3
cfi=(2)
cfn=(50)
calls=3 850 
* 6
-4 1
+4 1
-4 2
+1 2
+1 2
+2 1
+1 3
-1 1
cfi=(2)
cfn=(50)
calls=1 850 
* 2
-5 2

fl=(19) /build/buildd/eglibc-2.15/posix/../sysdeps/unix/syscall-template.S
fn=(58) uname
82 4
+1 1

fl=(23)
fn=(232)
82 4
+1 1

fn=(106)
82 32
+1 8

fn=(68) mmap
82 55
+1 11

fl=(25) /build/buildd/eglibc-2.15/elf/dl-debug.c
fn=(76) _dl_debug_initialize
52 10
+9 1
-1 1
+1 1
+1 2
-1 1
+1 3
+1 2
+4 5
-10 5
-4 5
+4 18

fn=(78) _dl_debug_state
77 2

fl=(2)
fn=(24) process_envvars
2561 1
+8 1
-8 7
+23 1
-23 1
+1 1
+7 1
-7 1
+7 3
-4 1
-1 1
+5 2
+2 2
cfi=(11)
cfn=(26)
calls=1 31 
* 56
* 4
cfi=(11)
cfn=(26)
calls=2 31 
* 240
* 9
+4 46
+1 19
-1 57
+3 4
+6 12
2737 1
-4 1
+4 2
+33 2
+22 8
2660 4
cfi=(12)
cfn=(28)
calls=1 322 
* 105
* 2
-53 4
cfi=(12)
cfn=(28)
calls=1 322 
* 22
* 2
+7 4
cfi=(12)
cfn=(28)
calls=1 322 
* 70
* 2
+2 2
+1 1
+45 2
+1 1

fn=(48)
844 6
+1 6

fn=(80) do_preload
810 1
+12 1
-12 5
+10 1
-4 1
+1 1
+5 4
-10 1
+6 1
+4 1
cfi=(26) /build/buildd/eglibc-2.15/elf/dl-error.c
cfn=(82) _dl_catch_error
calls=1 160 
* 2432
+1 2
+10 3
+4 5

fn=(84) _dl_initial_error_catch_tsd
804 12

fn=(22) dl_main
896 1
+19 1
-19 3
+27 1
-27 2
+22 1
-22 3
+32 1
-32 3
+32 1
-6 1
+9 1
-16 1
+3 1
+5 1
-1 1
+9 1
cfn=(24)
calls=1 2561 
* 705
+7 3
1126 7
cfi=(13)
cfn=(30)
calls=1 63 
* 242
+2 1
-2 1
+2 1
+1 1
+1 1
+5 1
-4 1
+4 1
-4 1
+4 1
cfi=(13)
cfn=(46)
calls=1 34 
* 34
+1 4
905 1
1165 2
-3 1
-5 1
+1 1
+7 1
-5 1
+5 3
+56 2
902 1
1221 2
-55 24
-1 27
+1 47
-1 2
1268 3
+3 2
+2 2
+2 2
+13 3
+1 7
cfi=(17)
cfn=(52)
calls=1 135 
* 7
* 2
+17 2
fi=(3) /build/buildd/eglibc-2.15/elf/dynamic-link.h
106 1
+9 2
+6 1
-2 1
+2 4
+7 1
+5 1
+3 1
-7 14
+10 3
fe=(2)
892 6
fi=(3)
121 9
+8 16
+10 16
fe=(2)
892 32
fi=(3)
121 48
+18 1
fe=(2)
892 2
fi=(3)
121 3
+2 40
+5 16
+2 4
fe=(2)
1261 2
+1 2
+1 1
-6 2
+1 1
-88 3
+1 1
+50 6
-1 2
+2 4
+1 1
+3 2
+1 2
-1 2
+1 2
+1 2
+1 6
+1 2
-45 2
+2 1
+7 1
+18 1
-25 1
-3 1
+10 1
-19 3
+1 1
fi=(3)
146 3
+38 3
+5 2
+7 2
+1 3
+16 3
+14 3
+7 2
fe=(2)
1311 2
cfi=(6)
cfn=(10) _dl_setup_hash
calls=1 861 
* 27
+3 2
+20 2
+94 6
+5 2
cfi=(20) /build/buildd/eglibc-2.15/elf/dl-load.c
cfn=(60) _dl_init_paths
calls=1 712 
* 1547
+3 3
cfi=(25)
cfn=(76)
calls=1 52 
* 18
+7 1
-7 1
+2 1
+5 1
+4 1
+1 1
+2 1
-1 1
-2 3
+1 1
+3 1
+5 2
+5 1
+2 2
+2 1
892 2
1464 1
892 1
1465 1
892 1
1469 1
+1 2
+1 2
-1 1
+1 2
+2 2
+1 2
+5 2
+5 3
911 1
1665 3
+3 2
+4 3
+5 2
+1 1
cfi=(25)
cfn=(78)
calls=1 77 
* 1
+4 3
+15 3
+4 3
+31 3
cfi=(21)
cfn=(64)
calls=1 82 
* 11
* 2
+77 4
+17 3
+1 1
-1 1
+1 2
-1 1
+1 4
cfi=(31) /build/buildd/eglibc-2.15/elf/dl-deps.c
cfn=(114) _dl_map_object_deps
calls=1 149 
* 12249
+1 1
+5 1
-5 3
+2 2
+3 4
+1 4
-1 2
+1 16
-1 8
+4 3
+1 3
+1 1
+2 2
+1 2
-1 1
+1 12
-1 9
+47 2
+2 2
-2 2
+1 2
-1 1
+2 1
-1 2
+1 1
cfi=(26)
cfn=(130) _dl_receive_error
calls=1 198 
* 3891
+10 1
+1 1
-1 1
+1 1
+3 2
+3 1
cfn=(146) security_init
calls=1 857 
* 22
+2 3
2137 3
+56 1
+11 1
-11 1
+4 4
+4 2
+3 1
+8 2
1296 1
+3 1
-5 1
+3 1
+2 1
+1 2
+4 2
-57 3
2293 4
+2 1
+6 1
-6 1
+6 1
+9 4
+1 1
+5 2
cfi=(34)
cfn=(226)
calls=1 377 
* 137
+4 2
+14 3
+2 4
+15 1
+2 1
-2 1
+3 2
-3 2
+3 2
-3 1
+3 1
cfi=(37)
cfn=(150)
calls=1 154 
* 6038
+1 4
+2 2
+8 1
cfi=(7) /build/buildd/eglibc-2.15/elf/../elf/dl-sysdep.c
cfn=(228) _dl_sysdep_start_cleanup
calls=1 252 
* 1
+4 3
+20 3
cfi=(25)
cfn=(76)
calls=1 52 
* 9
+1 1
+1 1
cfi=(25)
cfn=(78)
calls=1 77 
* 1
+4 1
cfi=(33)
cfn=(230)
calls=1 309 
* 15
+5 8
fi=(3)
133 4
fe=(2)
2258 3
+7 1
-7 1
+9 5
+1 5
+1 12
+2 5
-2 5
+2 10
+5 10
+2 10
+7 5
-2 5
+2 10
+1 32
cfi=(37)
cfn=(150)
calls=4 154 
* 77772
+4 12
+1 2
cfi=(34)
cfn=(180)
calls=1 817 
* 21
* 1
1842 2
+13 1
-1 1
+1 1
-1 1
+1 1
+2 1
+2 3
+2 1
-4 1
+5 1
-1 2
+14 2
+1 2
+1 3
-25 2
fi=(3)
136 4
+1 1
+1 3
fe=(2)
1330 2
+98 1
cfi=(18) /build/buildd/eglibc-2.15/elf/../sysdeps/unix/sysv/linux/dl-sysdep.c
cfn=(56) _dl_discover_osversion
calls=1 67 
* 98
* 2
+29 4
-11 4
2139 1
904 2
729 1
-4 2
+4 2
cfn=(140) init_tls.part.3
calls=1 -7 
* 598
* 2
1708 2
cfi=(9)
cfn=(18)
calls=1 29 
* 102
* 8
cfi=(16)
cfn=(44)
calls=1 62 
* 92
* 1
+3 5
-12 1
+12 2
+3 3
cfi=(15)
cfn=(74) strsep
calls=1 320 
* 768
* 3
cfi=(15)
cfn=(74)
calls=1 320 
* 8
* 6
+1 2
+1 3
+2 4
cfn=(80)
calls=1 810 
* 2459
* 2
+2 1
+1 2
-1 3
+2 3
+91 5
+1 1
-1 3
+4 3
+1 1
+1 2
+1 2
2280 1
+1 1
-3 2

fn=(88) map_doit
631 2
+2 7
cfi=(20)
cfn=(90) _dl_map_object
calls=1 2276 
* 2363
* 1
+2 2

fn=(132) version_check_doit
663 2
+2 4
cfi=(35) /build/buildd/eglibc-2.15/elf/dl-version.c
cfn=(134) _dl_check_all_versions
calls=1 387 
* 3851
* 2
+4 2

fn=(140)
722 1
+13 1
+4 4
cfi=(15)
cfn=(34)
calls=1 111 
* 38
+11 1
-15 1
+3 1
+8 1
-11 1
+15 1
+2 1
-1 2
+3 10
+4 1
+2 1
-2 3
-5 1
-1 2
+1 4
-1 10
+10 3
+3 1
cfi=(34)
cfn=(142)
calls=1 113 
* 73
+7 1
cfi=(34)
cfn=(144)
calls=1 329 
* 419
+1 1
-1 1
+1 1
+6 1
+8 1
-8 1
+8 6
+7 1
-3 1
+3 2

fn=(146)
857 2
+2 1
fi=(36) /build/buildd/eglibc-2.15/elf/../sysdeps/unix/sysv/linux/dl-osinfo.h
74 2
+23 1
+2 2
fe=(2)
861 1
+6 3
+2 1
fi=(36)
114 2
+11 1
fe=(2)
872 1
+2 1
+6 1
+1 3

fn=(2) _dl_start
368 9
+18 4
fi=(4)
76 2
fe=(2)
386 1
+29 2
-3 1
fi=(3)
121 1
fe=(2)
415 1
fi=(3)
121 2
+7 1
+5 1
+3 1
+2 1
-9 1
fe=(2)
367 2
fi=(3)
124 30
+15 15
-18 45
+18 1
-18 3
+2 40
+5 20
+1 16
+10 4
-18 13
+25 2
+20 4
+1 4
+1 4
+1 4
+2 4
+5 4
+1 4
+1 4
+6 3
+5 2
+7 3
+1 3
+8 3
+2 3
+3 2
+1 2
fe=(2)
543 3
+7 1
291 66
+12 2
cfi=(6)
cfn=(10)
calls=1 861 
* 27
+1 1
+1 1
-1 1
+1 1
+1 1
+1 1
-1 1
+1 1
+21 1
+10 1
-10 3
+10 1
-6 1
-4 1
+10 1
cfi=(7)
cfn=(12) _dl_sysdep_start
calls=1 89 
* 108411
* 1
+9 4
+3 1
+4 1
-4 1
+4 1
575 9
fi=(3)
130 4
+3 4
fe=(2)
548 24
fi=(5)
93 1
-1 1
+3 2
+25 2
fi=(4)
460 1
fi=(5)
121 1
fi=(4)
460 1
fi=(5)
121 1
fe=(2)
367 2
fi=(5)
121 26
fi=(4)
460 26
+1 28
fi=(5)
120 28
fi=(4)
461 14
fi=(5)
120 14
+5 2
+8 1
fi=(4)
304 1
fi=(5)
133 2
+13 1
+2 1
fi=(4)
286 3
fi=(5)
146 7
+2 7
fi=(4)
286 21
fi=(5)
146 24
fi=(4)
295 24
+3 8
-3 16
+3 24
+6 8
fi=(5)
148 8
fi=(4)
304 40
fi=(3)
136 4
+1 1
+1 3
fi=(4)
382 8
fi=(5)
133 16
fi=(4)
382 8
fi=(5)
133 9
fe=(2)
291 4

fn=(50)
850 6
+1 6

fl=(47) /build/buildd/eglibc-2.15/elf/../elf/dl-runtime.c
fn=(192) _dl_fixup
74 24
+6 24
-6 12
+6 12
-6 36
+3 12
-1 12
+6 12
-5 12
+3 12
+1 12
-1 12
+1 12
+1 12
-1 24
+6 12
-6 36
+6 12
+4 36
+4 12
-2 12
+2 24
+4 22
+1 44
+2 33
+7 36
-1 12
+8 24
+3 108
cfi=(6)
cfn=(156)
calls=12 716 
* 9227
* 12
+4 36
+4 48
+6 84
+8 12
+8 48
+4 36
fi=(4)
+81 12
fe=(47)
-77 72
fi=(88) /build/buildd/eglibc-2.15/elf/../sysdeps/x86_64/dl-irel.h
33 2
cob=(4)
cfi=(94) /build/buildd/eglibc-2.15/math/../sysdeps/x86_64/fpu/multiarch/s_ceil.S
cfn=(414) ceil
calls=1 -7 
* 11
cob=(3)
cfi=(89) /build/buildd/eglibc-2.15/string/../sysdeps/x86_64/multiarch/memset.S
cfn=(394) memset
calls=1 -6 
* 7
* 2
fe=(47)

fl=(26)
fn=(82)
160 35
+9 5
+2 5
cfi=(2)
cfn=(84)
calls=5 804 
* 10
* 5
+1 5
+2 10
-2 5
+2 5
cfi=(27)
cfn=(86)
calls=5 26 
* 95
+1 5
-1 5
+1 5
+2 10
+1 5
-1 5
+1 5
cfi=(31)
cfn=(116) openaux
calls=4 62 
* 10049
cfi=(2)
cfn=(88)
calls=1 631 
* 2375
+1 15
+2 5
-1 10
+1 5
+1 10
+10 20

fn=(130)
198 10
+1 1
cfi=(2)
cfn=(84)
calls=1 804 
* 2
+5 1
-1 1
-4 1
+9 1
+2 1
-3 1
+3 1
cfi=(2)
cfn=(132)
calls=1 663 
* 3861
+2 1
+1 1
+1 8

fl=(22)
fn=(66)
62 19
+4 19
+3 17
+1 17
+2 6
+1 6
+2 6
+1 6
+5 6
+1 6
-1 11
+1 11
+2 12
+1 12
+2 12
+1 12
+5 12
+1 12
-1 5
+1 5
+2 6
+1 6
+2 6
+1 6
+5 6
+1 6
-1 11
+1 11
+2 9
+1 9
+2 9
+1 18
+5 9
+1 9
-1 8
+1 10
+5 2
+1 2
+1 2
+1 2
+2 2
+2 2
+1 2
+2 2
+6 17
+4 17
+12 3
+2 3
+1 3
+26 3
+1 3
+3 3
+1 3
+1 3
+5 3
+2 3
+1 3
+1 3
+1 3
+2 3
+1 3
+1 3
+1 3
+2 3
+1 3
+2 3
+22 3
+2 3
+2 2
+7 2

fl=(6)
fn=(160) check_match.11236
132 582
+1 97
-1 97
+1 97
+2 194
+2 291
-2 194
+12 291
+3 294
cfi=(17)
cfn=(52)
calls=25 -15 
* 1842
* 50
+5 97
-1 97
+1 97
-1 97
+1 97
+2 190
+19 190
+1 760
+46 679
-18 4
+2 4
+1 6
-1 4
+1 2
-1 4
-29 285
cfi=(17)
cfn=(52)
calls=95 -43 
* 8240
* 190
-43 192

fn=(10)
861 5
+3 15
+4 5
+4 10
+2 5
-1 5
+3 15
+5 5
-4 5
+1 10
+2 5
+1 5
+4 10
-7 5
+5 5
+1 5
+1 10
+14 10

fn=(156)
716 927
477 103
716 206
477 103
716 309
477 412
+1 206
-1 103
+1 309
-1 309
+1 2388
-1 1194
+1 3582
-1 3685
718 103
+4 103
+4 103
-8 103
+1 206
+7 293
+5 103
+2 206
-2 103
-1 103
+7 515
+8 12
-8 24
+2 1545
cfn=(158) do_lookup_x
calls=103 82 
* 47918
+3 206
-5 103
+33 206
+23 291
+1 582
+35 388
+14 291
+3 388
+5 97
+2 927
-81 42
+17 6
+1 12
+54 2

fn=(158)
82 927
+1 103
-6 103
+5 309
-5 721
230 103
+3 103
89 103
230 103
+32 103
-29 103
98 103
-3 103
+1 103
+2 103
+3 103
-3 103
+3 103
-3 316
-3 316
+1 316
+2 316
+3 316
-3 316
+3 316
+4 838
+4 838
+4 838
+7 1257
+4 1257
+1 1257
226 419
+1 838
+4 838
-2 419
+5 1676
+4 838
-1 838
+1 419
-1 838
+21 322
+24 644
462 1824
+1 260
cfi=(28)
cfn=(92) _dl_name_match_p
calls=52 305 
* 2450
* 312
+3 966
+3 6
+1 824
287 724
+4 136
+13 194
+1 194
+1 194
-65 420
-1 210
+2 210
+2 312
+10 303
-7 990
+2 194
+1 97
-1 97
+1 388
-1 291
+1 388
cfn=(160)
calls=97 132 
* 15264
+1 582

fl=(15)
fn=(42)
53 104
+1 104
+11 26
+1 26
-1 26
+3 26
-3 26
+3 144
+4 12
+1 6
+6 21
cfi=(23)
cfn=(68)
calls=3 +3 
* 18
+2 6
+2 9
+2 9
+3 3
+1 3
+2 15
-3 23
+1 23
+2 115
-31 3
+1 1
-2 3

fn=(38)
95 25
+1 50
cfn=(42)
calls=25 -43 
* 703

fn=(34)
111 10
-3 10
+3 20
-3 10
+3 20
+4 20
cfn=(38)
calls=10 -20 
* 320

fn=(74)
320 4
+3 8
+2 4
+1 8
+4 16
+5 4
-5 118
+5 240
+2 366
+8 61
-15 185
+18 2
+4 8

fl=(8) /build/buildd/eglibc-2.15/elf/../sysdeps/unix/sysv/linux/x86_64/brk.c
fn=(14) brk
29 1
+3 6
+8 1
-6 2
+7 1

fl=(35)
fn=(136) _dl_check_map_versions
180 45
+15 5
-15 10
+15 10
+2 5
+3 5
-3 5
+2 5
+1 5
+2 5
-3 5
+3 5
+3 9
+4 3
-4 3
+4 15
+17 3
62 3
226 6
62 18
226 1
62 1
226 2
62 14
+1 12
-1 24
+2 48
cfi=(28)
cfn=(92)
calls=16 305 
* 1068
* 32
230 8
+4 12
+5 16
+20 2
-16 70
cfn=(138) match_symbol
calls=2 82 
* 280
* 12
cfn=(138)
calls=4 82 
* 750
* 6
+8 12
-8 12
+11 18
+9 16
+5 3
+1 1
-80 2
-8 2
+96 10
+3 12
+10 26
-7 52
-3 52
+6 78
-3 6
-3 6
+6 9
+8 10
+87 45
-81 16
cfi=(15)
cfn=(34)
calls=4 111 
* 152
+1 4
-2 4
+2 4
+11 4
+2 4
-5 4
+3 8
+2 4
+3 12
+4 12
+18 2
-15 6
+2 6
-2 12
+2 12
+2 6
+1 6
-1 18
+1 6
+1 6
-2 6
+2 12
+1 18
+3 18
+8 12
+5 1
+1 1
+4 8
+3 15
+20 26
-14 26
-2 26
+2 29
-2 3
+2 3
+4 26
+2 26
-1 52
+1 26
-1 78
+1 26
+1 26
+3 90

fn=(138)
82 60
+9 6
-8 6
-1 18
+1 6
+8 6
+6 18
+15 6
+1 12
+2 6
+5 12
+14 68
+12 84
+4 28
-30 56
+16 6
+3 30
cfi=(17)
cfn=(52)
calls=6 -4 
* 530
* 18
+3 6
+32 48

fn=(134)
387 5
+2 1
-2 2
+4 4
+1 15
+1 20
cfn=(136)
calls=5 180 
* 3762
-2 5
+1 20
-1 10
+5 7

fl=(31)
fn=(114)
149 1
+1 1
-1 2
+1 1
-1 1
+1 1
-1 1
+1 2
-1 5
+1 1
-1 1
+1 2
+16 1
-16 1
+14 1
+1 1
+1 1
+6 4
+10 2
-14 1
+14 1
-36 3
+20 1
-2 1
+19 1
-17 1
+6 1
-6 1
-2 1
+2 1
-2 1
+1 1
+1 1
+6 3
+10 1
-10 1
+10 5
+4 1
+21 1
+1 1
-22 2
+19 1
+3 3
-3 1
+7 1
+1 1
-1 1
+5 1
+4 2
-9 4
+1 4
-1 4
+5 4
+4 8
+12 10
+2 3
+11 3
-4 3
+1 3
-2 3
-6 3
+7 3
+1 3
-8 3
+5 3
+6 21
+50 8
+1 6
-51 276
+1 138
+6 20
cfi=(24)
cfn=(70)
calls=4 26 
* 118
* 12
+5 20
-3 4
+3 4
cfi=(26)
cfn=(82)
calls=4 -98 
* 10277
+2 12
+15 4
+2 8
+5 3
+6 3
+2 3
-8 6
+5 3
-2 3
+1 3
+2 3
+4 18
-59 8
-19 2
477 10
+2 9
+3 6
-1 3
cfi=(15)
cfn=(38)
calls=3 95 
* 87
+2 3
-2 3
+2 3
+4 12
-1 3
+2 3
-1 3
cfi=(16)
cfn=(44)
calls=3 62 
* 64
+1 12
cfi=(16)
cfn=(44)
calls=3 62 
* 64
+4 3
-1 3
+5 25
+2 5
+1 30
222 30
+2 3
+2 3
-2 3
+2 6
+2 26
499 1
206 1
499 2
+4 5
+1 2
+3 5
+11 3
-1 1
cfi=(15)
cfn=(38)
calls=1 95 
* 29
+3 1
-3 1
+3 1
+5 2
+1 1
-1 2
+1 1
-1 1
+1 8
+8 4
+4 2
-10 3
-2 4
+8 16
+4 8
-10 13
+13 2
+51 5
+2 3
213 2
637 1
-5 1
+6 2
-2 1
+1 5
+1 3
cfi=(30)
cfn=(108)
calls=1 44 
* 18
* 5
+4 1
+7 1
-6 2
+6 1
-7 3
+7 3
-6 6
+6 9
+2 12
+1 6
-1 12
+1 9
+3 18
-1 27
+23 6
-28 12
+31 12
+3 24
cfi=(30)
cfn=(108)
calls=3 44 
* 40
* 10
+7 2
+2 1
+1 1
-1 1
+9 2
+3 3
+3 8
299 260
630 6
cfi=(16)
cfn=(44)
calls=1 62 
* 42
+2 3

fn=(116)
62 8
+7 4
-4 12
+2 4
-2 4
+2 4
-2 20
cfi=(20)
cfn=(90)
calls=4 2276 
* 9981
* 4
+5 8

fl=(32) /build/buildd/eglibc-2.15/io/../sysdeps/unix/sysv/linux/wordsize-64/xstat.c
fn=(120) _xstat
37 4
-1 4
+1 4
+1 24
+4 1
-4 12

fl=(1) ???
fn=(0) 0x00000000000016b0
0 2
cfi=(2)
cfn=(2)
calls=1 368 
0 109248
0 14
cfi=(58) /build/buildd/eglibc-2.15/elf/dl-init.c
cfn=(236) _dl_init
calls=1 93 
0 6358
0 3
cob=(6) /home/chz/cjobs/euler/35/test
cfi=(72) ???
cfn=(318) 0x00000000004006b0
calls=1 0 
0 88417524

fl=(12)
fn=(28)
322 16
+7 16
-7 80
+7 16
+4 18
+2 1
+1 1
+4 2
-3 1
+1 2
-3 4
+1 4
+1 4
+1 4
+2 8
+2 5
-9 15
+16 6
-16 6
+16 12
+1 6
136 15
-19 3
353 6
+4 3
+2 3
-2 6
+1 3
+17 3
-12 6
+12 10
-12 20
+2 11
+1 11
+4 22
-52 30
+47 72
+1 72
+3 72
+1 144
-7 164
+12 10
+1 112
-24 3
228 3
+1 3
352 3
233 3
-4 3
+6 3
-2 3
+2 11
-99 6
+4 3
+1 3
+3 9
+48 3
-2 3
+1 3
+1 21
-80 3
+1 6
+4 6
-5 12
+1 24
+4 27
235 4
+6 2
+3 2
-5 2
+1 2
+4 2
-2 2
+56 4
-2 2
+2 4
-1 2
+1 4
+1 4
-31 1
-6 1
+1 1
+1 1
+4 1
+43 18
+1 6
-6 4

fl=(28)
fn=(92)
305 420
+1 168
cfi=(17)
cfn=(52)
calls=84 135 
* 595
* 84
+1 84
-1 84
+3 84
+8 84
-6 168
+4 84
-4 168
+1 270
cfi=(17)
cfn=(52)
calls=90 135 
* 1566
* 180
+1 6
+5 108
-1 78
+1 312

fn=(124)
44 2
+7 1
-7 4
+7 1
-7 1
+7 1
cfi=(21)
cfn=(98) open
calls=1 +31 
* 5
+1 1
-1 1
-6 1
+7 1
+2 4
cfi=(29)
cfn=(104)
calls=1 -17 
* 10
* 2
+2 1
+3 1
-3 1
+3 1
+13 2
cfi=(21)
cfn=(112) close
calls=1 +10 
* 5
+3 7
-14 7
cfi=(23)
cfn=(68)
calls=1 +21 
* 6
* 2

fl=(16)
fn=(44)
62 16
+2 16
+2 16
+3 16
+1 16
+2 3
+1 3
+2 3
+1 3
+5 3
+1 3
-1 13
+1 13
+2 5
+1 5
+2 5
+1 10
+5 5
+1 5
-1 11
+1 11
+2 2
+1 2
+2 2
+1 2
+5 2
+1 2
-1 14
+1 14
+2 9
+1 9
+2 9
+1 9
+5 9
+1 9
-1 7
+1 15
+5 8
+1 8
+1 8
+1 8
+2 8
+2 8
+1 8
+2 8
+8 16
+8 6
+6 6
+2 6
+1 6
+3 3
+1 6
+5 3
+1 3
+2 3
+2 3
+1 3
+2 3
-8 12
+1 12
+2 12
+2 12
+1 12
+2 15
+9 3
+1 3
-1 3
+1 3
+3 6
+1 6
+1 6
+5 4
+2 4
+1 4
+1 4
+1 4
+2 4
+1 4
+1 4
+1 4
+2 4
+1 4
+2 4
+22 6
+6 6
+1 6

fl=(30)
fn=(108)
44 12
+1 12
+1 12
+1 2
+1 2
+2 10
+1 10
+1 10
+1 10
+2 10
+1 10
+2 9
+5 9
+1 9
+1 9
+1 9
+1 9
328 1
+1 1
+1 1
+1 1
+1 1
+1 1
+1 1
+1 1
+1 1
+1 1
+1 1
+1 1
+1 1
-4 1
+1 1
+1 1
+1 1
+1 1
-2 1
+1 1
+1 1
+25 2
+1 2
+24 2
+1 2
+1 2
+14 1
+1 1
+1 1
+1 1
+1 1
+1 1
+1 1
+1 1
+1 1
+1 1
+1 1
+1 1
+24 2
+1 2
+1 2
+61 1
+1 1
+1 1
+1 1
+1 1
+1 1
+1 1
+5 1
+1 1
+1 1
+1 1
+1 1
+74 1
1214 1
+1 2
+4 1
+1 1
+1 2
+5 1
+2 1
+1 1
+1 1
+1 1
+1 1
+1 1
+1 1
+1 1
+1 1
+1 1
+1 1
+1 1
+1 1
+1 1
+1 1
+1 1
+2 1
+2 1
-21 14
+2 14
+1 14
+1 14
+1 14
+1 14
+1 14
+1 14
+1 14
+1 14
+1 14
+1 14
+1 14
+1 14
+1 14
+1 14
+1 14
+2 14
+2 14
+3 1
+1 1
+6 1
+1 1
+1 1
+1 1
+1 1

fl=(9)
fn=(18)
29 16
+1 16
+1 16
+1 16
+2 7
+1 7
+2 7
+1 7
-1 26
+1 26
+1 32
+1 32
+1 32
+2 30
+5 15
+1 15
+1 15
+1 15
+3 15
-6 4
+1 4
+1 4
+1 4
+3 4
+1 18
+1 18
+1 18
+2 18
+3 16
+1 16
+1 16
+1 16
+3 16
+1 12
+1 12
+1 12
+2 12
+3 8
+1 8
+1 8
+1 8
+3 8
+1 8
+1 8
+1 8
+2 8
+3 8
+1 8
+1 8
+1 8
+3 8
+1 6
+1 6
+1 6
+2 8
+3 2
+2 2
+1 2
-3 13
+2 13
+1 13
+1 14
+2 14
+1 14
+1 11
+2 11
+1 11
+1 9
+2 9
+1 9
+1 8
+2 8
+2 8
+1 8
+1 8
+2 8
+1 8
+1 7
+2 7
+1 7
+1 5
+2 5
+1 5
-1 11
+1 11

fl=(20)
fn=(72) fillin_rpath
491 3
+2 1
-2 11
+4 3
cfi=(15)
cfn=(74)
calls=1 320 
* 240
* 3
cfi=(15)
cfn=(74)
calls=1 320 
* 8
* 6
+3 2
cfi=(9)
cfn=(18)
calls=1 29 
* 44
+4 1
-4 1
+4 1
+7 4
+5 2
+3 3
+4 17
+1 8
+18 3
+4 2
-1 1
+2 1
-1 1
-1 2
cfi=(15)
cfn=(38)
calls=1 95 
* 29
+3 1
-3 1
+3 3
+5 1
+1 2
-2 1
+2 2
cfi=(22)
cfn=(66)
calls=1 62 
* 31
+3 1
-3 1
+1 1
+2 2
+6 4
+1 2
-73 5
+73 2
-73 1
+73 3
+1 1
-1 3
+1 1
-1 12
+1 2
-1 6
+4 1
-1 2
+1 1
+7 1
+1 1
+3 3
+5 1
+3 9
-14 2

fn=(90)
2276 50
+7 5
-7 15
+7 5
+1 10
+3 30
+12 28
-12 42
+5 48
+1 32
+2 48
cfi=(28)
cfn=(92)
calls=16 305 
* 1025
* 32
2570 45
2322 3
-1 15
+11 9
+26 6
-2 3
+2 3
cfi=(24)
cfn=(70)
calls=3 26 
* 78
* 6
2501 6
cfn=(94) expand_dynamic_string_token
calls=1 421 
* 231
+1 1
-3 1
+4 1
-1 1
+4 9
cfn=(96) open_verify
calls=1 1857 
* 413
+3 1
-3 1
+3 1
+12 12
+2 6
+45 3
-1 3
+1 24
-1 3
+1 9
cfn=(102) _dl_map_object_from_fd
calls=3 916 
* 4606
* 6
2321 6
+41 4
cfi=(9)
cfn=(18)
calls=2 29 
* 95
* 2
+2 2
-2 2
+2 2
+7 8
+35 4
+1 30
cfn=(118) open_path
calls=2 2127 
* 991
+6 2
-6 2
+6 2
+80 4
-80 4
689 6
2421 8
+5 4
cfi=(33)
cfn=(122)
calls=2 183 
* 2616
+2 2
-2 2
+2 2
+5 6
+8 4
+27 18
cfn=(96)
calls=2 1857 
* 986
+3 2
-3 2
+3 2
161 4
cfi=(9)
cfn=(18)
calls=2 29 
* 159
* 2
+1 6
cfi=(15)
cfn=(38)
calls=2 -67 
* 58
+2 6
+3 6
cfi=(16)
cfn=(44)
calls=2 62 
* 148
2474 2
-1 2
+1 2
-94 2
-5 4
+5 2
+3 4
-3 4
+3 8
-3 6
689 6
2395 8
+1 14
689 6
2300 42
+3 6
+2 6
-1 12
+1 6
cfi=(17)
cfn=(52)
calls=6 135 
* 105
* 12

fn=(60)
712 1
+15 2
-15 8
+15 3
cfi=(7)
cfn=(62) _dl_important_hwcaps
calls=1 354 
* 351
+5 1
-5 1
+5 1
cfi=(15)
cfn=(38)
calls=1 95 
* 29
+1 1
-1 1
-1 1
+2 1
+8 1
-1 1
+1 1
-1 4
+5 2
cfi=(15)
cfn=(38)
calls=1 95 
* 52
+2 1
-3 1
+3 1
+17 1
+12 1
-14 1
+12 1
-5 1
-5 1
+3 1
+9 1
-65 1
+42 1
+1 1
+13 1
-56 1
+54 1
-54 1
+57 1
-12 1
-45 1
+62 8
-62 20
+61 8
-61 4
+61 12
+2 4
-1 12
+1 4
-1 48
+1 8
-1 24
+3 18
-14 3
+14 3
-12 3
-2 3
+2 3
+4 3
-3 3
+2 3
+2 3
-1 6
+4 3
-3 3
+3 6
-3 3
-7 6
+25 1
-11 1
+6 1
+1 1
+5 2
+2 4
+2 3
+32 5
+8 3
cfi=(24)
cfn=(70)
calls=1 26 
* 34
* 2
+2 2
cfi=(9)
cfn=(18)
calls=1 29 
* 55
* 8
cfi=(16)
cfn=(44)
calls=1 62 
* 31
* 1
+17 8
+2 1
+1 3
+1 1
-4 3
+2 13
+1 39
+1 13
-4 40
+8 1
cfi=(15)
cfn=(38)
calls=1 95 
* 29
+1 1
-2 1
+2 1
+6 7
cfn=(72)
calls=1 491 
* 507
+4 3
+6 1
+4 8
-72 1
-2 1
+2 2
+11 2

fn=(96)
1857 96
+36 8
-36 16
+36 30
+21 32
cfi=(21)
cfn=(98)
calls=8 82 
* 70
+1 8
-1 8
+1 8
+11 9
-1 3
+1 6
cfi=(21)
cfn=(100) read
calls=3 82 
* 15
+7 3
-7 6
+7 3
+16 12
cfi=(12)
cfn=(28)
calls=3 322 
* 231
* 6
+2 3
-2 6
+4 12
cfi=(12)
cfn=(28)
calls=3 322 
* 210
-4 6
+60 6
+5 6
+2 9
+6 6
+7 3
+1 3
-1 12
+1 9
+1 6
+15 151
+2 53
+4 9
+1 3
-1 3
+14 3
+1 3
-1 3
+1 3
-1 3
+1 3
-2 3
+4 9
+5 2
+1 2
-13 8
cfi=(12)
cfn=(28)
calls=2 322 
* 140
* 12
cfi=(12)
cfn=(28)
calls=3 322 
* 225
* 10
+16 4
+6 2
-3 2
+1 2
+1 2
+1 4
+1 6
-4 2
+1 2
+1 2
-1 6
-1 2
+4 4
+28 72
1905 2

fn=(118)
2127 16
+1 2
-1 10
+7 2
-7 2
+1 2
+6 2
+5 4
+52 2
-52 4
+52 2
-59 2
-1 2
+60 2
-52 12
+12 2
-9 2
+9 2
+7 6
+1 4
-1 2
cfi=(22)
cfn=(66)
calls=2 62 
* 62
+1 2
-1 2
+1 4
+20 8
-20 19
+3 16
-39 5
+43 5
-43 10
+43 20
cfi=(22)
cfn=(66)
calls=5 62 
* 99
* 20
cfi=(22)
cfn=(66)
calls=5 62 
* 115
* 5
+3 5
+3 10
+3 35
cfn=(96)
calls=5 1857 
* 230
* 5
+2 15
+26 4
+2 3
-21 8
+1 36
+6 8
+2 12
-2 4
+2 4
cfi=(32)
cfn=(120)
calls=4 37 
* 49
* 8
+1 4
+2 6
+7 6
-44 9
+44 2
-44 3
+85 10
+7 2
-2 2
+2 6
+3 6
+13 2
+1 18
-70 3

fn=(102)
916 33
+11 3
-11 3
+11 3
-11 6
+11 3
cfi=(25)
cfn=(76)
calls=3 52 
* 27
+4 9
-4 3
+4 3
cfi=(29)
cfn=(104)
calls=3 37 
* 30
* 6
+11 21
+1 9
-1 27
+1 36
+17 6
+25 9
+10 6
+22 12
+31 6
928 3
1051 21
cfi=(13)
cfn=(30)
calls=3 63 
* 1387
+1 3
-1 3
+1 3
+11 3
+2 3
-2 3
+5 3
-4 3
-1 3
+4 3
-2 3
+2 3
-3 3
+5 3
-2 3
+1 9
+25 3
+8 3
-27 3
+19 15
+8 9
-8 3
+8 6
-8 3
+8 9
+89 6
-95 3
-1 3
-10 3
1190 9
-88 44
+6 6
+1 12
-8 208
+1 144
+60 3
+4 1
+1 1
+1 1
-1 1
+1 2
+3 3
+1 1
+3 1
-3 1
+7 4
+6 1
cfi=(34)
cfn=(128)
calls=1 51 
* 8
* 3
+1 1
-73 4
+1 2
1244 6
+1 9
+1 3
-6 6
+1 3
1119 30
+6 12
+1 6
-1 24
+10 12
-2 6
+1 6
+4 6
-4 6
-1 12
+1 6
-1 6
+2 6
-1 6
+3 6
-1 6
+3 6
+4 6
-7 6
+2 6
+1 6
+4 6
+1 15
+5 21
+10 3
-10 21
+10 3
+90 6
+13 3
1064 3
1262 3
-3 3
+3 9
1064 3
1262 3
+2 3
-2 3
+2 3
+14 6
+5 18
cfi=(23)
cfn=(68)
calls=3 82 
* 18
+4 3
-4 3
+4 6
+7 6
+1 3
+2 3
-3 3
+1 3
+2 3
+10 3
+35 18
+1 9
+2 12
+7 24
+6 3
+2 3
-2 3
+1 3
+2 3
-1 3
+1 3
-1 12
+8 6
+3 6
+11 24
cfi=(30)
cfn=(108)
calls=3 44 
* 371
+1 18
+5 6
+15 6
-73 30
+2 12
+2 30
cfi=(23)
cfn=(68)
calls=3 82 
* 18
* 6
-30 3
-1 15
cfi=(23)
cfn=(106)
calls=3 82 
* 15
* 3
1407 3
-77 3
+77 6
+9 6
fi=(3)
115 3
fe=(20)
1416 3
fi=(3)
115 3
+6 3
-2 3
+2 6
+7 3
+5 3
+3 3
-7 3
fe=(20)
913 6
fi=(3)
129 56
+10 14
-18 42
+8 48
+10 48
-18 144
+18 3
-18 9
+2 130
+5 68
+2 12
+16 6
+20 11
+1 12
+1 12
+1 12
+2 12
+5 12
+1 11
+1 12
+6 9
+5 6
+7 6
+1 9
+16 9
+5 2
+2 2
-2 4
+2 2
+2 4
+2 4
+3 9
+2 2
+2 2
+3 6
fe=(20)
1422 12
+16 9
+19 6
+2 15
+55 9
+1 2
+3 2
cfi=(21)
cfn=(112)
calls=1 82 
* 5
* 4
cfi=(21)
cfn=(112)
calls=2 82 
* 10
* 6
+8 6
+3 9
+2 3
-2 3
+2 3
+16 6
cfi=(6)
cfn=(10)
calls=3 861 
* 81
+4 6
+19 6
+4 3
-4 3
+8 3
-8 3
+4 3
+4 3
+6 9
cfi=(13)
cfn=(46)
calls=3 34 
* 132
+4 9
+20 27
-56 6
fi=(3)
133 12
+3 12
+1 3
+1 9
fe=(20)
1346 5
+2 1
-1 4
+1 4
-1 2
+3 4
+42 8
cfi=(23)
cfn=(68)
calls=1 82 
* 6
+3 2

fn=(94)
421 7
+10 1
-10 1
+10 1
-10 1
+10 1
cfi=(24)
cfn=(70)
calls=1 26 
* 43
* 2
161 2
cfi=(9)
cfn=(18)
calls=1 29 
* 81
* 1
+1 2
cfi=(15)
cfn=(38)
calls=1 -67 
* 29
+2 2
+3 2
446 3
167 1
446 3
167 1
cfi=(16)
cfn=(44)
calls=1 62 
* 47

fl=(46) /build/buildd/eglibc-2.15/elf/../sysdeps/x86_64/dl-trampoline.S
fn=(190) _dl_runtime_resolve
31 12
+2 12
+1 12
+1 12
+1 12
+1 12
+1 12
+1 12
+1 12
+1 12
+1 12
cfi=(47)
cfn=(192)
calls=12 +32 
* 10272
+1 12
+1 12
+1 12
+1 12
+1 12
+1 12
+1 12
+1 12
+1 12
+2 12

fl=(10) /build/buildd/eglibc-2.15/elf/../misc/sbrk.c
fn=(20) sbrk
35 3
+8 1
-8 1
+8 5
+4 2
+11 5

fl=(58)
fn=(238) call_init.part.0
35 4
+21 4
-21 32
+21 4
+8 12
+2 6
+4 12
cob=(2)
cfi=(14)
cfn=(296) 0x0000000004c2c3c8
calls=1 -70 
* 29
cob=(3)
cfi=(63) /build/buildd/eglibc-2.15/csu/../sysdeps/unix/sysv/linux/x86_64/../init-first.c
cfn=(272) _init
calls=1 -17 
* 217
cob=(2)
cfi=(14)
cfn=(240) 0x0000000004a25480
calls=1 -70 
* 29
+4 4
+1 8
+6 4
+2 4
-2 2
+3 4
-49 9
+50 4
cob=(3)
cfi=(70) /build/buildd/eglibc-2.15/string/../sysdeps/x86_64/multiarch/../cacheinfo.c
cfn=(286) init_cacheinfo
calls=1 552 
* 2865
* 8
cob=(3)
cfi=(69) /build/buildd/eglibc-2.15/elf/dl-altinit.c
cfn=(284) dlinit_alt
calls=1 -52 
* 4
cfi=(60)
cfn=(260) init_cacheinfo
calls=1 552 
* 2924
-1 3
+1 3
-1 3
+3 24

fn=(236)
93 11
+1 1
+1 1
+3 3
+7 2
+27 2
+1 6
+1 5
-1 5
+1 10
-97 15
+9 4
-3 8
+3 8
+5 6
+1 12
cfn=(238)
calls=3 -17 
* 6164
+81 6
+7 8
-88 4
-5 3
-10 3
+9 1
-3 2
+3 2
+5 2
+1 4
cfn=(238)
calls=1 -17 
* 58
+49 2

fl=(7)
fn=(228)
252 1

fn=(12)
89 7
+25 1
-1 1
+1 1
-25 1
+25 137
+3 1
-3 1
-23 1
+27 1
-28 1
+27 1
+3 1
-6 1
+6 10
+1 1
-1 3
+1 102
+3 3
-4 1
-34 2
+34 20
-34 34
+34 60
fi=(18)
-84 2
cfi=(8)
cfn=(14)
calls=1 -7 
* 11
fi=(4)
224 5
fe=(7)
+5 2
cfi=(10)
cfn=(20)
calls=1 35 
* 17
* 3
+12 3
+3 5
cfi=(2)
cfn=(22)
calls=1 896 
* 107908
+2 9
-67 1
+1 1
-26 1
+1 1
+8 1
+1 1
-4 1
+1 1
-4 1
+1 1
-25 1
+1 1
-4 1
+1 1
-4 1
+1 1
+99 1
cfi=(9)
cfn=(18)
calls=1 29 
* 35
* 2

fn=(62)
354 1
+3 1
-3 7
+3 1
-1 1
+1 1
+9 1
-12 4
+12 1
+10 1
-1 1
-1 1
+2 3
+44 5
cfi=(21)
cfn=(64)
calls=1 82 
* 11
* 4
611 9
418 1
+17 1
-17 1
+17 5
+3 2
+27 2
+8 2
+2 1
+1 1
-1 2
+1 4
+4 1
+4 1
-4 1
+1 1
-1 1
+4 1
+4 4
-1 2
+4 6
+1 2
+18 8
+1 1
-1 2
+1 3
cfi=(15)
cfn=(38)
calls=1 95 
* 29
+1 1
-1 1
+1 1
+7 2
+25 1
-3 3
+3 1
+28 4
-5 1
+5 4
+1 1
-1 6
+1 3
-1 9
+10 1
352 1
577 2
+5 1
352 2
577 3
+3 1
-3 1
+3 1
-3 3
+3 1
-3 1
+3 7
+1 12
+1 4
-1 4
+1 8
-2 4
+1 8
-1 14
+4 4
+3 1
+2 2
-1 1
-1 2
+2 4
+13 3
-13 1
+13 4
+1 1
+2 2
-3 3
+1 1
+2 2
+3 3
+2 1
448 2
-12 2
546 3
cfi=(22)
cfn=(66)
calls=1 62 
* 22
* 1
+1 1
-1 1
+1 2
cfi=(22)
cfn=(66)
calls=1 62 
* 22
* 5

fl=(18)
fn=(56)
67 7
+2 4
+85 9
-45 2
cfi=(19)
cfn=(58)
calls=1 -27 
* 5
* 1
+15 1
-15 1
+20 1
-1 1
+3 12
+4 3
-2 9
+2 10
+2 1
+1 3
-3 4
+7 3
-1 3
+4 3
-2 3
+2 10
+5 2

fl=(21)
fn=(64)
82 16
+1 4
+1 24

fn=(98)
82 36
+1 9
+1 30

fn=(100)
82 12
+1 3

fn=(112)
82 16
+1 4

fl=(60)
fn=(266) intel_check_word
163 60
+1 12
+8 6
-2 40
+14 26
+53 26
+36 65
-1 13
+1 13
cfi=(62)
cfn=(268)
calls=13 27 
* 2186
+2 26
+2 12
+14 2
+6 11
172 22
+2 13
+2 26
301 4
+1 42
-23 2
+2 4
+2 4

fn=(260)
552 1
+13 1
-13 1
+13 1
-13 1
+13 1
+7 2
-6 1
cfi=(61)
cfn=(262)
calls=1 53 
* 56
* 2
+8 3
cfn=(264) handle_intel
calls=1 307 
* 1667
+4 2
-4 1
+4 1
cfn=(264)
calls=1 307 
* 1054
+2 1
-2 1
-1 1
+3 1
+29 1
-18 1
+18 3
+7 5
+6 2
-6 12
+6 6
+3 20
+2 1
+6 6
+7 5
+2 1
+2 2
-4 4
+2 1
+2 6
+2 4
+5 1
+2 2
+1 1
-1 2
+1 1
+5 1
+12 4
+75 2
+2 1
+1 1
+2 1
-3 1
+5 1
-5 1
+4 3
+4 2
+2 1
+1 1
+2 1
-3 1
+5 1
+2 1
-7 1
+4 2
+3 1
-3 1
+3 2
-93 7

fn=(270)
152 87
+1 87
-1 174
+3 168
+1 87

fn=(264)
307 2
+6 2
-6 14
+1 4
+13 2
+1 2
+2 2
-5 2
+11 4
+5 2
-5 4
+5 2
+7 10
cfn=(266)
calls=2 163 
* 1606
+1 4
+3 10
cfn=(266)
calls=2 163 
* 785
+1 4
+3 5
cfn=(266)
calls=1 163 
* 21
+1 2
+3 5
cfn=(266)
calls=1 163 
* 203
+1 2

ob=(5) /usr/lib/valgrind/vgpreload_core-amd64-linux.so
fl=(59) ???
fn=(248) 0x0000000000000570
0 6

fn=(242) 0x00000000000004d0
0 6

fn=(254) 0x00000000000006e0
0 11

fn=(506) 0x00000000000004f0
0 10
cob=(3)
cfi=(109) /build/buildd/eglibc-2.15/stdlib/cxa_finalize.c
cfn=(518) __cxa_finalize
calls=1 31 
0 58
cob=(1)
cfi=(46)
cfn=(190)
calls=1 31 
0 750
0 13

ob=(1)
fl=(60)
fn=(264)
337 2
+1 4
+26 16

ob=(2)
fl=(14)
fn=(504)
0 2
cob=(5)
cfi=(59)
cfn=(506)
calls=1 0 
0 831
0 2

fn=(240)
0 2
cob=(5)
cfi=(59)
cfn=(242)
calls=1 0 
0 6
0 1
cob=(5)
cfi=(59)
cfn=(248)
calls=1 0 
0 6
0 1
cob=(5)
cfi=(59)
cfn=(254)
calls=1 0 
0 11
0 2

fn=(528)
0 2
cob=(4)
cfi=(52) ???
cfn=(530) 0x0000000000005890
calls=1 0 
0 1122
0 2

fn=(494)
0 2
cob=(6)
cfi=(72)
cfn=(496) 0x0000000000400700
calls=1 0 
0 18
0 2

fn=(296)
0 2
cob=(4)
cfi=(52)
cfn=(298) 0x000000000000586c
calls=1 0 
0 6
0 1
cob=(4)
cfi=(52)
cfn=(304) 0x0000000000005910
calls=1 0 
0 6
0 1
cob=(4)
cfi=(52)
cfn=(310) 0x000000000006dfb0
calls=1 0 
0 11
0 2

fn=(334) 0x00000000004005e0
0 2
cob=(6)
cfi=(72)
cfn=(336) 0x00000000004006dc
calls=1 0 
0 6
0 1
cob=(6)
cfi=(72)
cfn=(342) 0x0000000000400770
calls=1 0 
0 6
0 1
cob=(6)
cfi=(72)
cfn=(348) 0x0000000000401330
calls=1 0 
0 11
0 2

ob=(4)
fl=(54)
fn=(216)
14 2
cob=(3)
cfi=(39) /build/buildd/eglibc-2.15/csu/../sysdeps/x86_64/multiarch/init-arch.c
cfn=(196) __get_cpu_features
calls=1 180 
* 5
* 5

fn=(210)
10 2
cob=(3)
cfi=(39)
cfn=(196)
calls=1 180 
* 5
* 5

fl=(93) /build/buildd/eglibc-2.15/math/../sysdeps/ieee754/dbl-64/e_log.c
fn=(408) __ieee754_log_sse2
56 4108
+22 10270
+2 4108
+8 4108
-9 2054
+14 4108
+1 2054
-1 2054
+1 14378
+51 2054
+1 2054
-1 4108
+1 4108
-1 2054
+1 2054
-1 2054
+1 2054
+1 10544
+4 1164
-3 1164
+12 1164
-9 1164
+15 1164
-15 2328
+1 2328
+3 2328
+4 1164
-4 1164
+12 1164
-8 1164
+7 1164
-11 2328
+8 1164
-8 1164
+4 1164
-4 2328
+1 2328
+3 2328
+1 1164
-1 1164
+1 2328
+7 1164
+1 1164
-1 2328
+2 1164
-2 1164
+1 1164
+1 1164
-1 2328
+1 1164
-10 1164
+10 1164
-10 2328
+1 3492
+3 5820
+5 1164
+1 1164
-18 890
-3 890
+12 890
-9 890
+15 890
-15 1780
+1 1780
+3 1780
+4 890
-4 890
+12 890
-8 890
+7 890
-11 1780
+8 890
-8 890
+4 890
-4 1780
+1 1780
+3 1780
+1 890
-1 890
+1 1780
+7 890
+1 890
-1 1780
+2 890
-2 890
+1 890
+1 890
-1 1780
+1 890
-10 890
+10 890
-10 1780
+1 2670
+3 4450
+5 890
+1 15162
+1 29030
+1 4108
+1 2054
+3 4108
-4 6162
+1 2054
+3 12324
-6 8160
+6 2054
+40 6162

fl=(53)
fn=(208)
26 1
cob=(3)
cfi=(39)
cfn=(196)
calls=1 180 
* 5
+1 1
+1 1
+1 1
+1 1
+2 1

fl=(51)
fn=(204)
15 1
-15 1
fi=(52)
cob=(3)
cfi=(39)
cfn=(196)
calls=1 180 
0 5
0 8

fl=(92) /build/buildd/eglibc-2.15/math/w_log.c
fn=(404) log
29 6162
+14 2054
cfi=(93)
cfn=(408)
calls=2054 +13 
* 283838

fl=(50)
fn=(202)
8 2
cob=(3)
cfi=(39)
cfn=(196)
calls=1 180 
* 5
* 5

fl=(56)
fn=(214)
26 1
cob=(3)
cfi=(39)
cfn=(196)
calls=1 180 
* 5
+1 1
+1 1
+1 1
+1 1
+2 1

fl=(97) /build/buildd/eglibc-2.15/math/../sysdeps/ieee754/dbl-64/e_exp.c
fn=(430) __exp1
175 3758
-8 1879
+9 3758
+1 3758
+2 5637
+1 1879
+19 1879
-19 1879
+25 1879
-25 3758
+25 1879
-24 1879
+2 3758
-2 1879
+13 3758
-13 1879
+4 1879
+9 1879
-8 1879
+5 1879
-5 1879
+2 5637
+2 1879
-1 1879
+1 1879
+6 1879
+1 1879
-6 1879
+5 1879
+1 1879
-1 1879
+3 1879
+1 1879
-4 1879
+4 5637
-9 1879
+1 1879
+7 1879
+1 1879
-8 11274
+7 5637
+1 1879
-1 1879
+1 1879
-1 1879
+1 7516
+3 1879
-1 7516
+2 1879
-2 1879
+1 1879
+1 3758
+1 16911

fl=(49)
fn=(200)
26 1
cob=(3)
cfi=(39)
cfn=(196)
calls=1 180 
* 5
+1 1
+1 1
+1 1
+1 1
+2 1

fl=(57)
fn=(218)
15 1
-15 1
fi=(52)
cob=(3)
cfi=(39)
cfn=(196)
calls=1 180 
0 5
0 8

fl=(45)
fn=(182)
15 2
cob=(3)
cfi=(39)
cfn=(196)
calls=1 180 
* 5
cob=(1)
cfi=(46)
cfn=(190)
calls=1 +16 
* 1135
* 8

fl=(48)
fn=(222)
24 1
-24 1
fi=(52)
cob=(3)
cfi=(39)
cfn=(196)
calls=1 180 
0 5
0 8

fn=(198)
20 2
cob=(3)
cfi=(39)
cfn=(196)
calls=1 180 
* 5
* 8

fl=(52)
fn=(304)
0 6

fn=(298)
0 6

fn=(310)
0 11

fn=(530)
0 10
cob=(3)
cfi=(109)
cfn=(518)
calls=1 31 
0 58
cob=(1)
cfi=(46)
cfn=(190)
calls=1 31 
0 1041
0 13

fl=(55)
fn=(212)
26 1
cob=(3)
cfi=(39)
cfn=(196)
calls=1 180 
* 5
+1 1
+1 1
+1 1
+1 1
+2 1

fl=(94)
fn=(416) __ceil_sse41
38 2054
+1 2054

fn=(414)
26 1
cob=(3)
cfi=(39)
cfn=(196)
calls=1 180 
* 5
+1 1
+1 1
+1 1
+1 1
+2 1

fl=(96) /build/buildd/eglibc-2.15/math/../sysdeps/ieee754/dbl-64/e_pow.c
fn=(426) __ieee754_pow_sse2
64 4108
+17 2054
-17 14378
+14 2054
+1 2054
+1 2054
+63 2054
-71 4108
+1 4108
+1 2054
+1 4108
-1 4108
+10 5637
+3 7516
-2 3758
-10 4108
+2 6162
+1 4108
+1 3998
+1 3806
+1 7660
+80 14378
-83 2164
216 3758
85 1879
220 1879
-19 1879
+16 3758
+3 3758
+3 5637
+1 1879
-1 1879
+3 7516
+2 1879
-2 3758
+2 1879
-2 1879
+2 9395
+1 1879
+1 5637
+1 3758
+37 1879
+1 1879
-2 1879
+1 1879
+1 3758
+1 1879
-2 1879
+5 1879
-3 1879
-1 1879
+6 1879
-7 1879
+2 1879
+3 1879
+2 1879
-5 1879
+1 1879
+2 1879
+2 1879
-2 1879
+2 1879
-4 1879
+2 1879
+1 1879
-2 1879
+2 1879
-2 1879
+3 31943
+1 1879
-1 1879
+1 1879
+2 3758
-1 1879
89 3758
+3 1879
-1 1879
-2 1879
+3 1879
+7 1879
-9 3758
+9 3758
-9 1879
+3 3758
-2 1879
+2 1879
+2 1879
-1 1879
+1 1879
+1 1879
-2 1879
+2 3758
+1 3758
+1 3758
+1 5637
+1 22548
cfi=(97)
cfn=(430)
calls=1879 +75 
* 163473
+1 24427
-22 2191
224 7516
80 1903

fl=(95) /build/buildd/eglibc-2.15/math/w_pow.c
fn=(422) pow
27 6162
+1 6162
cfi=(96)
cfn=(426)
calls=2054 +36 
* 548680
+1 16432
+30 6162
+15 4108
-15 2054

ob=(3)
fl=(39)
fn=(196)
180 39
+4 26

fn=(164) __init_cpu_features
53 1
-8 1
+8 1
+3 1
-3 1
+3 5
+92 2
+21 1
+1 1
+2 1
+1 2
65 1
-33 2
+6 1
-6 2
+6 1
+1 1
+30 1
-30 1
+30 1
-37 1
+6 1
+27 1
-26 1
+26 1
+4 1
+1 1
-38 2
+33 1
+5 1
+5 1
+2 1
-2 1
-17 1
+58 1
-38 1
+1 2
+33 3
-33 6

fl=(85) /build/buildd/eglibc-2.15/malloc/morecore.c
fn=(382) __default_morecore
48 2
+1 2
cfi=(86) /build/buildd/eglibc-2.15/misc/sbrk.c
cfn=(384) sbrk
calls=2 -14 
* 76
+2 6
+2 4

fl=(110) /build/buildd/eglibc-2.15/nptl/../nptl/sysdeps/unix/sysv/linux/unregister-atfork.c
fn=(520) __unregister_atfork
37 2
-8 6
+11 4
+1 4
+5 2
-6 4
+82 4

fl=(68) /build/buildd/eglibc-2.15/ctype/ctype-info.c
fn=(282) __ctype_init
33 7
+2 4
+2 4
+1 1

fl=(87) /build/buildd/eglibc-2.15/misc/../sysdeps/unix/sysv/linux/x86_64/brk.c
fn=(386) brk
29 2
+3 14
+8 2
-6 4
+7 2

fl=(100) /build/buildd/eglibc-2.15/string/../sysdeps/x86_64/strchrnul.S
fn=(440) strchrnul
27 2
+1 2
+1 2
+1 2
+1 2
+1 2
+1 2
+1 2
+1 2
+1 2
+1 2
+1 2
+1 2
+1 2
+1 2
+1 2
+1 2
+1 2
+1 2
+1 2
+12 2
+1 2
+1 2

fl=(98) /build/buildd/eglibc-2.15/stdio-common/printf.c
fn=(436) printf
30 8
+4 1
-4 1
+5 1
-1 5
+1 3
cfi=(99) /build/buildd/eglibc-2.15/stdio-common/vfprintf.c
cfn=(438) vfprintf
calls=1 211 
* 1970
+4 2

fl=(109)
fn=(518)
31 6
+18 2
-18 10
+4 8
+4 12
-4 6
+32 6
+4 12
-4 6
+12 4
+3 2
-2 2
+2 12
-2 2
cfi=(110)
cfn=(520)
calls=2 -43 
* 26

fl=(106) /build/buildd/eglibc-2.15/io/../sysdeps/unix/syscall-template.S
fn=(466) write
82 2
cfn=(468) __write_nocancel
calls=1 * 
* 5

fn=(468)
82 5

fl=(40)
fn=(166)
29 1
-1 1
fi=(41) /build/buildd/eglibc-2.15/time/../sysdeps/generic/dl-hash.h
+17 1
fe=(40)
-16 2
fi=(41)
+17 1
fe=(40)
-17 1
fi=(41)
+15 1
+5 4
+1 2
+13 2
-17 3
+3 12
+1 6
+13 6
-17 9
+22 1
fe=(40)
-39 2
+3 2
-3 1
+3 1
cfi=(42) /build/buildd/eglibc-2.15/elf/../sysdeps/unix/sysv/linux/dl-vdso.c
cfn=(170) _dl_vdso_vsym
calls=1 -5 
* 12
* 3
+1 2

fl=(76) /build/buildd/eglibc-2.15/setjmp/../sysdeps/x86_64/setjmp.S
fn=(356) __sigsetjmp
26 1
+2 1
+1 2
+1 1
+4 1
+1 1
+1 1
+1 1
+1 1
+2 2
+2 1
+1 1
+2 2
+2 1
+9 1
cfi=(77) /build/buildd/eglibc-2.15/setjmp/sigjmp.c
cfn=(358) __sigjmp_save
calls=1 -26 
* 9

fl=(84) /build/buildd/eglibc-2.15/misc/../sysdeps/unix/syscall-template.S
fn=(484) munmap
82 4
+1 1

fn=(380) mmap
82 10
+1 2

fl=(82) /build/buildd/eglibc-2.15/elf/dl-addr.c
fn=(374) _dl_addr
127 3
+2 1
-2 6
+5 1
-5 2
+5 2
cob=(1)
cfi=(2)
cfn=(48)
calls=1 844 
* 2
+3 5
+1 4
+1 20
+1 2
31 1
+1 1
-1 1
+4 2
+5 1
+6 1
-7 1
+2 3
+2 3
+3 1
+5 7
+2 1
+1 2
-1 1010
+1 2020
+2 4890
+6 10905
+2 8724
+1 15883
+7 2181
-2 2181
+2 7554
-21 2022
+49 2
+1 2
+1 2
+3 2
+41 2
cob=(1)
cfi=(2)
cfn=(50)
calls=1 850 
* 2
+3 9
-13 9
-19 1
+1 1
+23 2

fl=(43)
fn=(172)
30 1
+1 1
+2 1
+1 1
+1 1
+2 1

fl=(86)
fn=(384)
35 10
+8 11
+4 4
+4 4
+3 1
cfi=(87)
cfn=(386)
calls=1 -25 
* 12
+1 3
+3 12
-14 1
+1 1
-1 1
cfi=(87)
cfn=(386)
calls=1 -15 
* 12
* 4

fl=(89)
fn=(394)
27 1
+1 1
+2 1
+1 1
+1 1
+1 1
+1 1

fl=(103) /build/buildd/eglibc-2.15/libio/filedoalloc.c
fn=(448) _IO_file_doallocate
99 5
+15 2
-1 1
+1 5
cfi=(101) /build/buildd/eglibc-2.15/libio/fileops.c
cfn=(450) _IO_file_stat
calls=1 1246 
* 14
* 2
+2 4
+11 2
-14 1
+14 2
+1 3
+3 7
cfi=(84)
cfn=(380)
calls=1 -49 
* 6
* 2
+1 5
cfi=(102) /build/buildd/eglibc-2.15/libio/genops.c
cfn=(454) _IO_setb
calls=1 404 
* 21
+1 1
+1 5
-13 1
fi=(112) /build/buildd/eglibc-2.15/libio/../sysdeps/unix/sysv/linux/sys/sysmacros.h
-74 6
fe=(103)
+74 1
-2 2
+5 2

fl=(63)
fn=(272)
53 7
+6 3
+17 1
fi=(64) /build/buildd/eglibc-2.15/csu/../sysdeps/generic/dl-hash.h
-31 1
fe=(63)
+29 1
+1 1
fi=(65) /build/buildd/eglibc-2.15/csu/../sysdeps/unix/sysv/linux/x86_64/init-first.c
-37 1
fi=(64)
+8 1
fi=(65)
-8 1
fe=(63)
+38 1
fi=(65)
-38 2
fi=(64)
+6 1
+5 4
+1 2
+13 2
-17 3
+3 12
+1 6
+13 6
-17 9
+22 1
fi=(65)
-30 2
+2 2
-2 1
+2 1
cfi=(42)
cfn=(170)
calls=1 -13 
* 12
+6 2
-4 2
+1 2
+1 1
+2 1
cfi=(42)
cfn=(170)
calls=1 -19 
* 12
+4 2
fe=(63)
+40 1
fi=(65)
-40 1
fe=(63)
+40 1
fi=(65)
-39 2
+1 1
fe=(63)
+38 2
cfi=(66) /build/buildd/eglibc-2.15/misc/init-misc.c
cfn=(278) __init_misc
calls=1 -59 
* 75
+8 1
cfi=(68)
cfn=(282)
calls=1 -65 
* 16
+5 5
-35 1
-9 1
+9 4

fl=(90) /build/buildd/eglibc-2.15/string/../sysdeps/x86_64/multiarch/../memset.S
fn=(396) __GI_memset
44 5465
+1 5465
+1 5465
+4 5465
+1 5465
+1 5465
+1 5465
+2 5465
+1 5465
+2 5465
+5 5465
+1 5465
+1 5465
+1 5465
+1 5465
467 5465
+1 5465
+1 5465

fl=(83) /build/buildd/eglibc-2.15/nptl/../nptl/sysdeps/unix/sysv/linux/register-atfork.c
fn=(376) __linkin_atfork
117 2
+2 4
-1 2
+2 1

fl=(70)
fn=(288) handle_intel
307 2
+6 2
-6 14
+1 4
+13 2
+1 2
+2 2
-5 2
+11 4
+5 2
-5 4
+5 2
+7 10
cfn=(290) intel_check_word
calls=2 163 
* 1606
+1 4
+3 10
cfn=(290)
calls=2 163 
* 785
+1 4
+3 5
cfn=(290)
calls=1 163 
* 21
+1 2
+3 5
cfn=(290)
calls=1 163 
* 203
+1 2
-18 2
+1 4
+26 16

fn=(286)
552 1
+13 1
-13 1
+13 1
-13 1
+13 1
+7 2
+2 3
cfn=(288)
calls=1 307 
* 1667
+4 2
-4 1
+4 1
cfn=(288)
calls=1 307 
* 1054
+2 1
-2 1
-1 1
+3 1
+29 1
-18 1
+18 3
+7 5
+6 2
-6 12
+6 6
+3 20
+2 1
+6 6
+7 5
+2 1
+2 2
-4 4
+2 1
+2 6
+2 4
+5 1
+2 2
+1 1
-1 2
+1 1
+5 1
+12 4
+75 2
+2 1
+1 1
+2 1
-3 1
+5 1
-5 1
+4 3
+4 2
+2 1
+1 1
+2 1
-3 1
+5 1
+2 1
-7 1
+4 2
+3 1
-3 1
+3 2
-93 7

fn=(290)
163 60
+1 12
+8 6
-2 40
+14 26
+53 26
+36 65
-1 13
+1 13
cfi=(71) /build/buildd/eglibc-2.15/stdlib/bsearch.c
cfn=(292) bsearch
calls=13 27 
* 2186
+2 26
+2 12
+14 2
+6 11
172 22
+2 13
+2 26
301 4
+1 42
-23 2
+2 4
+2 4

fn=(294) intel_02_known_compare
152 87
+1 87
-1 174
+3 168
+1 87

fl=(104) /build/buildd/eglibc-2.15/io/../sysdeps/unix/sysv/linux/wordsize-64/fxstat.c
fn=(452) _fxstat
37 1
-1 1
+1 1
+1 6
+4 1

fl=(71)
fn=(292)
27 130
+7 13
-7 13
+20 13
-13 52
+7 26
+1 23
-8 46
+2 87
+2 87
-2 87
+1 348
+1 174
cfi=(70)
cfn=(294)
calls=87 152 
* 603
+1 174
+1 61
-6 122
+13 10
+1 117

fl=(74) /build/buildd/eglibc-2.15/stdlib/cxa_atexit.c
fn=(328) __cxa_atexit
57 2
-22 1
+22 5
-22 1
cfn=(330) __new_exitfn
calls=1 +38 
* 42
+2 2
+4 2
+3 1
-1 1
+2 1
+2 1
+1 1
+11 5

fn=(330)
73 1
+6 2
-6 3
+6 4
+2 6
+2 3
-2 1
+10 1
-10 3
+45 1
+1 1
+3 4
+3 5
-35 2
+14 1
+1 2
-19 2

fl=(101)
fn=(442) _IO_file_xsputn@@GLIBC_2.2.5
1309 6
+7 3
-7 15
+6 3
-6 6
+6 3
+7 12
+17 5
+32 8
cfn=(444) _IO_file_overflow@@GLIBC_2.2.5
calls=2 850 
* 292
* 4
+7 4
+1 12
+2 6
+11 4
+1 4
cfi=(102)
cfn=(458) _IO_default_xsputn
calls=1 452 
* 395
* 2
-50 9
+4 4
-42 2
+56 2
-56 10
+57 6
-1 4
+1 3
-1 2
-56 4
+58 2
-58 2
+58 2
+2 6
+2 6
+28 6
+1 21
-72 4
+1 2
-1 2
+1 4
+3 6
+2 7
-2 4
+2 3
+2 4
-4 2
+31 2
-54 4

fn=(444)
850 40
+1 10
-1 10
+1 20
+7 56
+35 20
+3 16
+3 8
+1 8
-1 16
+1 16
+1 16
+4 8
+1 32
-45 2
+12 2
+9 4
+5 2
+2 1
+1 1
-4 1
+4 1
-6 1
+1 1
+4 1
+1 4
+1 2
+3 2
+1 2
+11 6
-12 2
cfn=(456) _IO_do_write@@GLIBC_2.2.5
calls=2 516 
* 108
-31 2
cfi=(102)
cfn=(446) _IO_doallocbuf
calls=1 419 
* 113
+1 6

fn=(462) new_do_write
526 6
+2 1
-2 2
+2 2
+15 5
cfn=(464) _IO_file_write@@GLIBC_2.2.5
calls=1 1282 
* 44
+1 1
-1 1
+1 2
+7 1
-4 1
+4 1
-4 3
+1 2
+3 1
-2 1
+4 7
-18 4
+9 2
+6 2

fn=(450)
1246 1
+2 3
cfi=(104)
cfn=(452)
calls=1 37 
* 10

fn=(464)
1282 1
+2 1
-2 7
+2 4
+11 1
+1 1
-12 2
+5 1
-1 3
+1 2
cfi=(106)
cfn=(466)
calls=1 82 
* 7
+1 2
+9 3
+3 6
-18 3

fn=(550) _IO_file_setbuf@@GLIBC_2.2.5
466 2
+1 1
cfi=(102)
cfn=(552) _IO_default_setbuf
calls=1 +95 
* 67
* 2
+4 2
-1 2
+2 3
+3 3

fn=(554) _IO_file_sync@@GLIBC_2.2.5
912 1
+5 1
-5 1
+5 3
+2 1
+1 2
+17 2
+4 2

fn=(456)
516 4
-2 4
+2 2
+1 2
-1 1
cfn=(462)
calls=1 +10 
* 89
* 4
+1 2

fl=(67) /build/buildd/eglibc-2.15/string/../sysdeps/x86_64/multiarch/../strrchr.S
fn=(280) __GI_strrchr
26 1
+1 1
+1 1
+1 1
+1 1
+1 1
+1 1
+1 1
+1 1
+1 1
+1 1
+1 1
+1 1
+1 1
+1 1
+1 1
+1 1
+1 1
+1 1
+1 1
+1 1
+1 1
+1 1
+2 1
+1 1
+1 1
+1 1
+1 1
+1 1
+1 1
+1 1
+1 1
+1 1
+2 2
+1 2
+1 2
+1 2
+2 1
+1 1
+1 1
+1 1
+2 1
+1 1
+1 1
+1 1
+1 1
+2 1

fl=(77)
fn=(358)
30 2
-1 2
+1 2
+5 3

fl=(69)
fn=(284)
33 3
+1 1

fl=(66)
fn=(278)
31 3
+1 1
-1 1
+1 4
+2 3
cfi=(67)
cfn=(280)
calls=1 -8 
* 51
+4 5
+1 3
+2 4

fl=(102)
fn=(552)
562 5
+1 1
-1 2
+1 1
cfi=(101)
cfn=(554)
calls=1 912 
* 13
* 2
+2 2
+2 1
+1 5
cfn=(454)
calls=1 404 
* 23
+7 3
+1 3
+2 6

fn=(458)
452 1
+4 1
-1 1
-3 6
+3 4
+5 36
+25 50
cfi=(101)
cfn=(444)
calls=8 850 
* 248
* 24
+2 8
+1 8
+1 2
+1 6

fn=(454)
404 8
+1 2
-1 2
+1 8
+3 2
+2 8
-3 2
+3 2
+3 2
-1 2
+1 6

fn=(446)
419 1
+1 1
-1 1
+1 1
+6 2
-4 2
+1 3
cfi=(103)
cfn=(448)
calls=1 99 
* 100
* 2

fn=(546) _IO_cleanup
1007 1
+3 1
-3 6
+3 1
cfn=(548) _IO_flush_all_lockp
calls=1 823 
* 88
-59 1
+59 1
-59 2
+11 2
-9 12
+2 2
-1 4
+3 3
+5 16
+45 1
-38 5
+10 5
cfi=(101)
cfn=(550)
calls=1 466 
* 82
+2 2
+6 3
-36 9
+71 9
-51 1
+4 1
-4 1
+2 1
+1 1
+1 1
-2 1
+3 4
+5 3
+1 11

fn=(548)
823 1
+6 1
-6 7
+6 2
+6 1
-11 1
+10 1
+2 2
+4 2
-1 3
-1 3
+1 3
+3 9
+10 6
+4 3
-2 3
+2 6
+7 3
-27 6
+31 2
+2 2
+4 9
-31 12

fl=(105) /build/buildd/eglibc-2.15/stdio-common/_itoa.c
fn=(460) _itoa_word
179 4
+7 2
+9 26
+9 2

fl=(107) /build/buildd/eglibc-2.15/stdlib/exit.c
fn=(486) exit
100 1
-1 1
+1 2
cfn=(488) __run_exit_handlers
calls=1 -63 
* 2915

fn=(488)
37 8
+50 1
-45 3
+37 1
-33 2
+33 1
-33 2
+3 1
-1 4
+2 5
+24 1
+4 2
-2 2
+2 1
cob=(1)
cfi=(108)
cfn=(490)
calls=1 +55 
* 2578
+1 1
+4 1
+1 1
-1 1
+1 1
+6 2
+1 5
cfi=(102)
cfn=(546)
calls=1 1007 
* 281
* 3
+2 2
cfi=(111) /build/buildd/eglibc-2.15/posix/../sysdeps/unix/sysv/linux/_exit.c
cfn=(556) _Exit
calls=1 -64 
* 5

fl=(80) /build/buildd/eglibc-2.15/malloc/hooks.c
fn=(368) malloc_hook_ini
30 1
fi=(81) /build/buildd/eglibc-2.15/malloc/arena.c
371 1
fe=(80)
31 1
fi=(81)
371 1
fe=(80)
31 1
fi=(81)
371 3
cfn=(372) ptmalloc_init.part.8
calls=1 -2 
* 57806
* 1
fe=(80)
34 1
-1 1
cfi=(79) /build/buildd/eglibc-2.15/malloc/malloc.c
cfn=(367) malloc'2
calls=1 2910 
* 1005

fl=(44)
fn=(176)
31 1
-1 1
fi=(41)
+15 1
fe=(44)
-14 2
fi=(41)
+15 1
fe=(44)
-15 1
fi=(41)
+13 1
+5 4
+1 2
+13 2
-17 3
+3 12
+1 6
+13 6
-17 9
+22 1
fe=(44)
-37 2
+3 2
-3 1
+3 1
cfi=(42)
cfn=(170)
calls=1 -7 
* 12
+1 3
+1 2

fl=(38)
fn=(174)
130 1
+1 1
+4 1
+1 1
+1 1
+2 1
+1 1
+1 1
+5 1

fn=(162)
106 1
+1 1
+1 1
cfi=(39)
cfn=(164)
calls=1 -55 
* 56
+3 1
+1 1
+1 1
+2 1
+1 1
+1 1
+5 1

fl=(73) /build/buildd/eglibc-2.15/csu/libc-start.c
fn=(326) (below main)
96 7
+10 1
-10 3
+10 3
+52 1
-52 1
+52 1
+1 4
cfi=(74)
cfn=(328)
calls=1 57 
* 65
+22 4
+3 2
+1 5
cob=(6)
cfi=(72)
cfn=(332) __libc_csu_init
calls=1 0 
* 54
+4 4
+15 2
+9 2
cfi=(75) /build/buildd/eglibc-2.15/setjmp/../sysdeps/x86_64/bsd-_setjmp.S
cfn=(354) _setjmp
calls=1 34 
* 29
+1 2
+5 2
+1 2
+3 2
+3 5
cob=(6)
cfi=(78) /home/chz/cjobs/euler/35/test.c
cfn=(360) main
calls=1 30 
* 88413308
+32 2
cfi=(107)
cfn=(486)
calls=1 100 
* 2919
106 2

fl=(111)
fn=(556)
29 2
+4 1
+2 2

fl=(75)
fn=(354)
34 1
+2 1
cfi=(76)
cfn=(356)
calls=1 -10 
* 27

fl=(42)
fn=(170)
27 8
+2 4
-2 4
+1 8
+4 8
+18 16

fl=(99)
fn=(438)
211 10
+35 1
-35 1
+35 2
1298 4
+4 5
+11 2
+11 1
fi=(113) /build/buildd/eglibc-2.15/stdio-common/printf-parse.h
99 2
fe=(99)
1324 5
fi=(113)
99 1
cfi=(100)
cfn=(440)
calls=1 -72 
* 23
fe=(99)
1339 1
fi=(113)
99 1
fe=(99)
1339 2
+4 8
cfi=(101)
cfn=(442)
calls=1 -34 
* 619
* 2
2052 2
cfi=(79)
cfn=(476) free
calls=1 2959 
* 7
cob=(1)
cfi=(46)
cfn=(190)
calls=1 31 
* 658
+1 2
cfi=(79)
cfn=(476)
calls=1 2959 
* 7
+2 9
+1 3
+3 8
1339 7
+1 14
2055 6
1343 2
+4 1
-4 1
+4 2
+4 8
259 1
-6 1
-3 1
1328 1
-8 1
216 2
1399 17
-3 1
-1 1
-17 1
+1 1
+1 1
+16 1
-15 1
+1 1
+1 1
+1 1
+1 1
+1 1
+1 1
+1 1
+3 1
+1 1
+7 1
2050 2
1648 2
+8 1
fi=(113)
99 1
fe=(99)
1656 1
fi=(113)
99 3
cfi=(100)
cfn=(440)
calls=1 -72 
* 23
fe=(99)
1660 1
fi=(113)
99 1
fe=(99)
1660 10
cfi=(101)
cfn=(442)
calls=1 1309 
* 217
* 3
-31 57
cfi=(101)
cfn=(442)
calls=1 1309 
* 83
* 12
cfi=(105)
cfn=(460)
calls=1 179 
* 34
* 30
+31 6
-14 1
+16 2
-12 2
-21 10

fl=(79)
fn=(366) malloc
2910 12
+5 4
+1 4
+3 2
+2 9
+3 3
cfn=(378) _int_malloc
calls=1 3447 
* 353
+1 1
-1 1
+1 1
+20 4
+1 8
+3 7
-32 1
+32 5
-32 1
cfi=(80)
cfn=(368)
calls=1 30 
* 58822

fn=(367)
2910 6
+5 2
+1 2
+3 2
+2 9
+3 3
cfn=(378)
calls=1 3447 
* 964
+1 1
-1 1
+1 1
+20 4
+1 3
+3 7

fn=(378)
3447 18
+30 16
+8 4
+1 3
+1 1
+1 1
+4 2
3930 18
3521 4
+1 3
+1 2
+2 3
+37 8
+1 4
4247 3
3917 2
-2 2
3602 2
3917 2
-2 4
+2 2
-2 2
+2 4
3602 2
3917 38
3695 2
3583 10
3711 4
+71 2
+1 2
+3 2
-2 2
+2 2
-3 2
+1 2
+2 2
-1 6
+6 10
+2 15
+2 12
+96 2
+1 6
+2 4
+17 6
3712 2
+3 3
1913 127
+1 127
-2 127
+2 254
-2 127
+6 3
+7 1
-2 2
+2 2
3562 15
2370 2
+1 6
-1 6
+11 2
-11 2
+11 5
+13 5
+4 2
+41 1
+9 2
-9 1
+9 1
1922 2
2448 2
+9 3
2742 2
+1 1
+5 2
+3 2
+4 1
-3 1
+1 1
+2 1
-1 1
+4 1
-3 2
+1 1
-1 4
+1 1
3925 16
2507 1
+19 1
-19 1
+8 1
-8 4
+19 5
+8 1
-8 1
+8 1
+1 4
cfi=(85)
cfn=(382)
calls=1 48 
* 63
* 1
+2 5
+2 2
+1 2
+17 2
+26 2
+1 1
+1 2
+6 1
-6 1
+6 1
+3 4
+40 5
+19 1
+3 1
+1 1
-1 1
+1 3
+2 2
+1 4
cfi=(85)
cfn=(382)
calls=1 48 
* 27
+12 3
+5 2
+1 2
+17 1
3926 1
2697 1
+1 1
-2 1
+1 2
+12 1
-12 1
+1 1
+11 1
-84 2
2400 7
cfi=(84)
cfn=(380)
calls=1 82 
* 6
+2 2
+12 3
+3 3
+4 5
+1 1
+2 1
+1 1
-1 1
+1 1
+1 2

fn=(476)
2959 8
+1 8
+5 8
+5 2
-2 2
+2 4
+14 3
+1 3
cfn=(482) _int_free
calls=1 3938 
* 64
-12 3
+1 2
+1 2
+2 1
+1 1
-1 1
+1 2
2841 3
+1 1
+6 7
+7 1
+1 1
+5 1
cfi=(84)
cfn=(484)
calls=1 82 
* 5
* 2

fn=(482)
3938 9
+13 1
-13 1
+13 2
+6 4
+1 2
+10 2
+13 2
+11 4
+1 3
+24 3
+3 3
+1 2
+1 1
+3 1
-3 1
+9 2
-5 2
+10 2
+2 1
+2 6
+2 2
4208 8

fl=(81)
fn=(372)
369 6
+11 1
-8 1
+8 1
+7 2
+1 2
-1 1
+1 10
cfi=(83)
cfn=(376)
calls=1 117 
* 9
+2 4
+16 1
-16 1
-58 4
+2 86
+16 43
-18 129
455 2
+5 2
+1 2
+2 1
+1 7
-83 5
cfi=(82)
cfn=(374)
calls=1 127 
* 57477
* 2
+1 3
-47 2
+1 2

ob=(6)
fl=(78)
fn=(428) contains_bad_num
15 2999967
+2 1999978
+1 999989
+1 999989
+2 26535440
+1 11275924
+1 1989066
+1 7303252
-5 3327842
+7 5456
+1 1999978

fn=(360)
30 5
+3 1
+1 2
cob=(3)
cfi=(79)
cfn=(366)
calls=1 2910 
* 58839
cob=(1)
cfi=(46)
cfn=(190)
calls=1 -3 
* 913
* 1
+1 9
cob=(3)
cfi=(79)
cfn=(366)
calls=1 2910 
* 399
* 1
+2 5
+1 1
+1 2
+2 4999963
cfn=(428)
calls=999989 -26 
* 59436881
* 1999978
+2 32790
cob=(3)
cfi=(90)
cfn=(396)
calls=5465 +1 
* 98370
cob=(1)
cfi=(46)
cfn=(190)
calls=1 -12 
* 914
+1 5465
+1 10930
+1 5465
+1 5465
+2 22392
cfi=(91) /home/chz/cjobs/euler/35/../euler.h
cfn=(398) _euler_is_prime
calls=7464 -32 
* 7658974
* 14928
+2 5410
+1 5410
+2 12324
+1 32864
+1 22594
+1 8216
cob=(4)
cfi=(92)
cfn=(404)
calls=2054 -28 
* 292054
cob=(1)
cfi=(46)
cfn=(190)
calls=1 -26 
* 731
* 6162
cob=(4)
cfi=(94)
cfn=(416)
calls=2054 -19 
* 4108
cob=(1)
cfi=(46)
cfn=(190)
calls=1 -26 
* 776
* 14378
cob=(4)
cfi=(95)
cfn=(422)
calls=2054 -30 
* 589760
cob=(1)
cfi=(46)
cfn=(190)
calls=1 -26 
* 731
* 18486
-10 22557
+12 10930
+1 55
+1 2640
-1 770
+2 10930
-20 994533
-3 2999996
+26 2
+2 6000000
+2 275
-4 3000002
+9 6
cob=(3)
cfi=(98)
cfn=(436)
calls=1 -44 
* 1991
cob=(1)
cfi=(46)
cfn=(190)
calls=1 -43 
* 913
+3 3
cob=(3)
cfi=(79)
cfn=(476)
calls=1 2959 
* 80
cob=(1)
cfi=(46)
cfn=(190)
calls=1 -46 
* 881
+1 3
cob=(3)
cfi=(79)
cfn=(476)
calls=1 2959 
* 41
+1 1
+1 2

fl=(72)
fn=(318)
0 11
cob=(3)
cfi=(73)
cfn=(326)
calls=1 96 
0 88416432
cob=(1)
cfi=(46)
cfn=(190)
calls=1 31 
0 1081

fn=(496)
0 18

fn=(342)
0 6

fn=(336)
0 6

fn=(348)
0 11

fn=(332)
0 15
cob=(2)
cfi=(14)
cfn=(334)
calls=1 0 
0 29
0 10

fl=(91)
fn=(398)
17 29856
+1 37320
+2 74610
+1 24
+1 29808
+1 8
+1 193696
+1 3722
+2 44696
+1 5587
+1 11174
+1 4582984
+1 7090
-2 2621429
+3 2042
+1 14928

totals: 88533149
